[gd_scene format=3 uid="uid://ve8nce537602"]

[ext_resource type="Script" uid="uid://lgmqlkuewowp" path="res://ape/scripts/ape_body.gd" id="1_xsmid"]
[ext_resource type="PackedScene" uid="uid://cubf81kdaddng" path="res://ape/orangutan/ape_orangutan.blend" id="2_dg7gw"]
[ext_resource type="Script" uid="uid://bb6okqe1l22n5" path="res://ape/scripts/ragdoll.gd" id="3_nf1pf"]
[ext_resource type="Script" uid="uid://qqt81cqdd6n8" path="res://ape/scripts/rigid_body_hitbox.gd" id="4_n1hoy"]
[ext_resource type="Script" uid="uid://c5ogdg5hcnibf" path="res://ape/scripts/camera_pivot.gd" id="5_qa2p8"]
[ext_resource type="Script" uid="uid://4p57jdyc06ob" path="res://ape/scripts/hand_ray_cast.gd" id="6_gh7jo"]
[ext_resource type="Script" uid="uid://dr0wqty80sjn7" path="res://ape/scripts/ape_input.gd" id="7_qifcs"]
[ext_resource type="Script" uid="uid://dnm8oseo2h6ro" path="res://ape/scripts/player_state.gd" id="8_lk782"]
[ext_resource type="Script" uid="uid://trfwgwd6pb83" path="res://ape/scripts/grabbo.gd" id="9_o015y"]
[ext_resource type="Script" uid="uid://c5gwdr6pcl066" path="res://ape/scripts/authority_manager.gd" id="10_m4k8k"]
[ext_resource type="Script" uid="uid://bvw7dpc6a2dwl" path="res://ape/scripts/animation_tree.gd" id="11_dg7gw"]

[sub_resource type="CapsuleShape3D" id="CapsuleShape3D_t2650"]
radius = 0.49902344
height = 0.9980469

[sub_resource type="JointLimitationCone3D" id="JointLimitationCone3D_vurlm"]
angle = 1.0471976

[sub_resource type="JointLimitationCone3D" id="JointLimitationCone3D_pb1wn"]
angle = 2.0943952

[sub_resource type="JointLimitationCone3D" id="JointLimitationCone3D_yop2s"]
angle = 3.1415927

[sub_resource type="CapsuleShape3D" id="CapsuleShape3D_wppca"]
radius = 0.24804688
height = 0.49609375

[sub_resource type="CapsuleShape3D" id="CapsuleShape3D_54pyi"]
radius = 0.2421875
height = 0.61431885

[sub_resource type="CylinderShape3D" id="CylinderShape3D_n5wll"]
height = 1.0

[sub_resource type="CapsuleShape3D" id="CapsuleShape3D_n5wll"]
radius = 0.14389038
height = 0.28778076

[sub_resource type="CapsuleShape3D" id="CapsuleShape3D_pe46d"]
radius = 0.17697144
height = 0.35394287

[sub_resource type="CapsuleShape3D" id="CapsuleShape3D_vurlm"]
radius = 0.18408203
height = 0.41308594

[sub_resource type="CapsuleShape3D" id="CapsuleShape3D_pb1wn"]
radius = 0.091
height = 0.508448

[sub_resource type="CapsuleShape3D" id="CapsuleShape3D_c5vop"]
radius = 0.064
height = 0.4451279

[sub_resource type="CapsuleShape3D" id="CapsuleShape3D_yop2s"]
radius = 0.07
height = 0.2

[sub_resource type="CapsuleShape3D" id="CapsuleShape3D_ah3bo"]
radius = 0.093
height = 0.413

[sub_resource type="CapsuleShape3D" id="CapsuleShape3D_cg0of"]
radius = 0.064
height = 0.32408106

[sub_resource type="CapsuleShape3D" id="CapsuleShape3D_6yin8"]
radius = 0.075
height = 0.25

[sub_resource type="SceneReplicationConfig" id="SceneReplicationConfig_wppca"]
properties/0/path = NodePath(".:transform")
properties/0/spawn = true
properties/0/replication_mode = 1
properties/1/path = NodePath(".:velocity")
properties/1/spawn = true
properties/1/replication_mode = 1
properties/2/path = NodePath("ape:transform")
properties/2/spawn = true
properties/2/replication_mode = 1
properties/3/path = NodePath("PlayerState:current_state")
properties/3/spawn = true
properties/3/replication_mode = 1
properties/4/path = NodePath("LookPivot:rotation")
properties/4/spawn = true
properties/4/replication_mode = 1

[sub_resource type="AnimationNodeAnimation" id="AnimationNodeAnimation_dg7gw"]
animation = &"Orang_Walk"

[sub_resource type="AnimationNodeAnimation" id="AnimationNodeAnimation_saxvm"]
animation = &"Orang_crouch"

[sub_resource type="AnimationNodeAnimation" id="AnimationNodeAnimation_g16rh"]
animation = &"Orang_idle"

[sub_resource type="AnimationNodeStateMachineTransition" id="AnimationNodeStateMachineTransition_e25ti"]
advance_mode = 2

[sub_resource type="AnimationNodeStateMachineTransition" id="AnimationNodeStateMachineTransition_6fun5"]
xfade_time = 0.2
advance_mode = 2
advance_expression = "ape.velocity.length()>0"

[sub_resource type="AnimationNodeStateMachineTransition" id="AnimationNodeStateMachineTransition_pv3yb"]
xfade_time = 0.1
advance_mode = 2
advance_condition = &"crouch"

[sub_resource type="AnimationNodeStateMachineTransition" id="AnimationNodeStateMachineTransition_irwbq"]
xfade_time = 0.1
advance_mode = 2
advance_condition = &"!crouch"

[sub_resource type="AnimationNodeStateMachineTransition" id="AnimationNodeStateMachineTransition_dg7gw"]
xfade_time = 0.25
advance_mode = 2
advance_expression = "ape.velocity.length()==0"

[sub_resource type="AnimationNodeStateMachine" id="AnimationNodeStateMachine_b4p6a"]
states/Orang_Walk/node = SubResource("AnimationNodeAnimation_dg7gw")
states/Orang_Walk/position = Vector2(391, 177)
states/Orang_crouch/node = SubResource("AnimationNodeAnimation_saxvm")
states/Orang_crouch/position = Vector2(398, 29)
states/Orang_idle/node = SubResource("AnimationNodeAnimation_g16rh")
states/Orang_idle/position = Vector2(228, 83)
states/Start/position = Vector2(89, 83)
transitions = ["Start", "Orang_idle", SubResource("AnimationNodeStateMachineTransition_e25ti"), "Orang_idle", "Orang_Walk", SubResource("AnimationNodeStateMachineTransition_6fun5"), "Orang_idle", "Orang_crouch", SubResource("AnimationNodeStateMachineTransition_pv3yb"), "Orang_crouch", "Orang_idle", SubResource("AnimationNodeStateMachineTransition_irwbq"), "Orang_Walk", "Orang_idle", SubResource("AnimationNodeStateMachineTransition_dg7gw")]

[sub_resource type="AnimationNodeBlendTree" id="AnimationNodeBlendTree_l1uv5"]
graph_offset = Vector2(-125.00635, 160.89404)
nodes/StateMachine/node = SubResource("AnimationNodeStateMachine_b4p6a")
nodes/StateMachine/position = Vector2(20, 140)
node_connections = [&"output", 0, &"StateMachine"]

[node name="Player" type="CharacterBody3D" unique_id=1802699836 node_paths=PackedStringArray("input", "camera", "look", "model", "state")]
collision_layer = 3
script = ExtResource("1_xsmid")
speed = 0.8
ground_rotation_speed = 5.0
input = NodePath("Input")
camera = NodePath("LookPivot/Camera3D")
look = NodePath("LookPivot")
model = NodePath("ape_orangutan")
state = NodePath("PlayerState")

[node name="CollisionShape3D" type="CollisionShape3D" parent="." unique_id=971283472]
transform = Transform3D(-4.371139e-08, 1, 0, -1, -4.371139e-08, 0, 0, 0, 1, 0, 0.47509766, -0.11836536)
shape = SubResource("CapsuleShape3D_t2650")

[node name="ape_orangutan" parent="." unique_id=1585722735 instance=ExtResource("2_dg7gw")]
transform = Transform3D(-1, 0, -8.742278e-08, 0, 1, 0, 8.742278e-08, 0, -1, 0, 0, 0)

[node name="Skeleton3D" parent="ape_orangutan/Armature_Orang" parent_id_path=PackedInt32Array(1585722735, 1561219098) index="0" unique_id=34091617]
bones/1/position = Vector3(4.0242285e-14, 1.9426478, 0.8566867)
bones/2/position = Vector3(-0.32715833, 0.12570444, 0.29354247)
bones/2/rotation = Quaternion(4.3697188e-08, -0.02548535, 0.9996752, -1.1139992e-09)
bones/3/position = Vector3(-0.3436278, 0.47098592, 0.1634816)
bones/3/rotation = Quaternion(-0.18668634, 0.72136384, -0.5822671, 0.32518846)
bones/4/position = Vector3(0.024652168, 0.29658931, 0.39450243)
bones/5/position = Vector3(-0.14016512, -0.05082156, 0.061301384)
bones/5/rotation = Quaternion(0.11915757, -0.6993286, 0.28120747, 0.64626884)
bones/6/position = Vector3(0.32715833, 0.12570444, 0.29354253)
bones/6/rotation = Quaternion(4.3697188e-08, -0.02548535, 0.9996752, -1.1139992e-09)
bones/7/position = Vector3(0.3436278, 0.47098592, 0.1634816)
bones/7/rotation = Quaternion(0.18668634, 0.72136384, -0.5822671, -0.32518846)
bones/8/position = Vector3(-0.024652168, 0.29658931, 0.39450243)
bones/9/position = Vector3(0.14016512, -0.05082156, 0.061301384)
bones/9/rotation = Quaternion(0.11915757, 0.6993286, -0.28120747, 0.64626884)
bones/10/position = Vector3(6.652485e-05, -0.13745525, 0.42680702)
bones/10/rotation = Quaternion(1.7779227e-07, 0.93543, 0.3535122, 5.2293774e-07)
bones/11/rotation = Quaternion(-0.02126223, 7.563738e-08, 2.7619695e-08, 0.999774)
bones/12/rotation = Quaternion(0.29759866, 1.4818839e-06, 1.6967726e-07, 0.9546912)
bones/13/rotation = Quaternion(0.06150218, -3.4452128e-06, -2.1727661e-05, 0.99810696)
bones/16/rotation = Quaternion(0.6998405, 0.7094485, 0.0722415, 0.041078307)
bones/17/rotation = Quaternion(0.019223066, -0.44604677, 0.61179423, 0.6529782)
bones/18/rotation = Quaternion(-0.39223528, -0.33741218, 0.43006453, 0.73983043)
bones/19/rotation = Quaternion(0.30795157, 0.16579884, -0.22977702, 0.90822864)
bones/20/position = Vector3(0.029244367, 0.10660236, 0.0032465593)
bones/20/rotation = Quaternion(-0.062007945, 0.084522866, -0.05409317, 0.99301803)
bones/21/rotation = Quaternion(0.8378433, -0.046862338, 0.035223607, 0.5427539)
bones/22/rotation = Quaternion(0.38081503, -0.24533731, 0.0030201785, 0.8915046)
bones/23/rotation = Quaternion(-0.14497015, 0.16366363, -0.15484829, 0.9634417)
bones/24/position = Vector3(-0.018465266, 0.10590563, 0.014835381)
bones/24/rotation = Quaternion(0.017831791, 0.0141930645, -0.03515746, 0.9991219)
bones/25/rotation = Quaternion(0.7453563, -0.03282294, -0.12846945, 0.6533469)
bones/26/rotation = Quaternion(0.69984037, -0.7094486, -0.07224218, 0.041078955)
bones/27/rotation = Quaternion(0.019229192, 0.44601417, -0.6119008, 0.6529006)
bones/28/rotation = Quaternion(-0.3922666, 0.33739847, -0.43009853, 0.7398004)
bones/29/rotation = Quaternion(0.30792478, -0.16589351, 0.22987707, 0.9081951)
bones/30/position = Vector3(-0.029244356, 0.1066024, 0.0032465705)
bones/30/rotation = Quaternion(-0.06200795, -0.08452283, 0.054093137, 0.99301803)
bones/31/rotation = Quaternion(0.8378433, 0.046862267, -0.035223585, 0.5427538)
bones/32/rotation = Quaternion(0.3808149, 0.24533722, -0.0030200991, 0.89150465)
bones/33/rotation = Quaternion(-0.14497012, -0.16366366, 0.1548482, 0.9634417)
bones/34/position = Vector3(0.018465303, 0.10590563, 0.014835388)
bones/34/rotation = Quaternion(0.017831802, -0.014193046, 0.0351574, 0.9991219)
bones/35/rotation = Quaternion(0.74535626, 0.03282285, 0.12846945, 0.653347)
bones/36/rotation = Quaternion(0.65536684, 0.72970366, 0.091394395, 0.17226124)
bones/37/rotation = Quaternion(-0.2553195, -0.5089413, 0.29743603, 0.76636964)
bones/38/rotation = Quaternion(0.59520125, -0.04000872, 0.52992517, 0.6027555)
bones/39/rotation = Quaternion(-0.41085696, 0.17589018, -0.8363401, 0.31748158)
bones/40/rotation = Quaternion(-0.034143742, 0.88755524, -0.06985926, 0.45409206)
bones/41/position = Vector3(0.039142452, 0.028837098, 0.03866554)
bones/41/rotation = Quaternion(-0.15224451, -0.8453407, 0.037964646, 0.5106657)
bones/42/rotation = Quaternion(0.008473012, 0.8855601, -0.092349395, -0.4551737)
bones/43/position = Vector3(-0.04364942, -0.02446741, -0.05871669)
bones/43/rotation = Quaternion(0.01603601, 0.86718106, -0.48570782, -0.10875581)
bones/44/rotation = Quaternion(-0.037836984, -0.4003064, 0.03324157, 0.91499627)
bones/45/rotation = Quaternion(-0.6553668, 0.72970355, 0.09139519, -0.17226203)
bones/46/rotation = Quaternion(-0.25548798, 0.5088958, -0.29756084, 0.76629543)
bones/47/rotation = Quaternion(0.59521484, 0.04000727, -0.52993685, 0.6027318)
bones/48/rotation = Quaternion(-0.41074035, -0.17571753, 0.83645254, 0.31743187)
bones/49/rotation = Quaternion(0.03414382, 0.8875552, -0.0698593, -0.45409214)
bones/50/position = Vector3(-0.039142434, 0.028837113, 0.03866557)
bones/50/rotation = Quaternion(-0.15224443, 0.8453408, -0.037964597, 0.51066566)
bones/51/rotation = Quaternion(-0.008472939, 0.8855601, -0.092349306, 0.45517376)
bones/52/position = Vector3(0.043649398, -0.024467394, -0.05871667)
bones/52/rotation = Quaternion(-0.016036, 0.8671811, -0.48570767, 0.10875582)
bones/53/rotation = Quaternion(-0.037836928, 0.4003064, -0.033241533, 0.91499627)

[node name="Head" type="BoneAttachment3D" parent="ape_orangutan/Armature_Orang/Skeleton3D" index="1" unique_id=1092656707]
transform = Transform3D(1, 4.8064983e-05, -1.550237e-05, -1.3634172e-05, -0.038627524, -0.99925363, -4.862793e-05, 0.9992536, -0.038627725, -6.2037274e-05, 0.7464251, 0.29219776)
bone_name = "Head"
bone_idx = 13

[node name="Hand_R" type="BoneAttachment3D" parent="ape_orangutan/Armature_Orang/Skeleton3D" index="2" unique_id=1106184745]
transform = Transform3D(0.71880686, 0.10934633, 0.68655634, 0.14022592, -0.9900596, 0.01087144, 0.68092096, 0.08845834, -0.7269951, -0.34363136, 0.10715261, 0.2490502)
bone_name = "Hand_R"
bone_idx = 29

[node name="HoldingSpaceRight" type="Marker3D" parent="ape_orangutan/Armature_Orang/Skeleton3D/Hand_R" unique_id=1326193733]
transform = Transform3D(0.99999946, -1.0058284e-06, -1.7881393e-07, 9.797513e-07, 0.9999993, 1.1324883e-06, 1.6391277e-07, -1.4007092e-06, 0.9999991, -0.03665997, 0.08608669, 0.0808467)

[node name="Spine" type="BoneAttachment3D" parent="ape_orangutan/Armature_Orang/Skeleton3D" index="3" unique_id=581318483]
transform = Transform3D(1, 1.0467366e-05, -5.6592635e-06, -1.0568631e-05, 0.56275266, -0.82662547, -5.4678285e-06, 0.8266256, 0.5627525, -6.651343e-05, 0.6303801, -0.045437753)
bone_name = "Spine"
bone_idx = 11

[node name="SpineLookAt" type="LookAtModifier3D" parent="ape_orangutan/Armature_Orang/Skeleton3D" index="4" unique_id=360982078]
transform = Transform3D(3.030303, 0, 0, 0, 3.030303, 0, 0, 0, 3.030303, 0, 0, 0)
influence = 0.25
target_node = NodePath("../../../../LookPivot/LookAtMe")
bone_name = "Spine"
bone = 11
forward_axis = 2
primary_rotation_axis = 2
relative = true
duration = 0.15
transition_type = 1
ease_type = 2

[node name="NeckLookAt" type="LookAtModifier3D" parent="ape_orangutan/Armature_Orang/Skeleton3D" index="5" unique_id=415999757]
transform = Transform3D(3.030303, 0, 0, 0, 3.030303, 0, 0, 0, 3.030303, 0, 0, 0)
influence = 0.25
target_node = NodePath("../../../../LookPivot/LookAtMe")
bone_name = "Neck"
bone = 12
forward_axis = 2
primary_rotation_axis = 0
relative = true
duration = 0.15
transition_type = 1
ease_type = 2

[node name="HeadLookAt" type="LookAtModifier3D" parent="ape_orangutan/Armature_Orang/Skeleton3D" index="6" unique_id=1610885507]
transform = Transform3D(3.030303, 0, 0, 0, 3.030303, 0, 0, 0, 3.030303, 0, 0, 0)
influence = 0.5
target_node = NodePath("../../../../LookPivot/LookAtMe")
bone_name = "Head"
bone = 13
forward_axis = 2
primary_rotation_axis = 2
relative = true
duration = 0.15
transition_type = 1
ease_type = 2

[node name="ArmRightIK" type="JacobianIK3D" parent="ape_orangutan/Armature_Orang/Skeleton3D" index="7" unique_id=504262015]
influence = 0.0
angular_delta_limit = 0.08726646259971647
setting_count = 1
settings/0/target_node = NodePath("../../../../LookPivot/RayCast3D/HandTargetRight")
settings/0/root_bone_name = "Shoulder_R"
settings/0/root_bone = 26
settings/0/end_bone_name = "Hand_R"
settings/0/end_bone = 29
settings/0/extend_end_bone = false
settings/0/joint_count = 4
settings/0/joints/0/rotation_axis = 3
settings/0/joints/0/limitation = SubResource("JointLimitationCone3D_vurlm")
settings/0/joints/0/limitation/right_axis = 2
settings/0/joints/0/limitation/rotation_offset = Quaternion(0.165, -1.095, -0.035, 1.31)
settings/0/joints/1/rotation_axis = 3
settings/0/joints/1/limitation = SubResource("JointLimitationCone3D_pb1wn")
settings/0/joints/1/limitation/right_axis = 0
settings/0/joints/1/limitation/rotation_offset = Quaternion(0, 0.48, -0.095, -0.41)
settings/0/joints/2/rotation_axis = 3
settings/0/joints/2/limitation = SubResource("JointLimitationCone3D_yop2s")
settings/0/joints/2/limitation/right_axis = 0
settings/0/joints/2/limitation/rotation_offset = Quaternion(-0.84, -0.105, -0.225, 0.95)
settings/0/joints/3/rotation_axis = 3
settings/0/joints/3/limitation = null

[node name="Ragdoll" type="PhysicalBoneSimulator3D" parent="ape_orangutan/Armature_Orang/Skeleton3D" index="8" unique_id=589803041 node_paths=PackedStringArray("input", "state", "ape", "look_pivot")]
transform = Transform3D(3.030303, 0, 0, 0, 3.030303, 0, 0, 0, 3.030303, 0, 0, 0)
influence = 0.0
script = ExtResource("3_nf1pf")
input = NodePath("../../../../Input")
state = NodePath("../../../../PlayerState")
ape = NodePath("../../../..")
look_pivot = NodePath("../../../../LookPivot")
get_up_speed = 2.5

[node name="Physical Bone Pelvis" type="PhysicalBone3D" parent="ape_orangutan/Armature_Orang/Skeleton3D/Ragdoll" unique_id=406821728]
transform = Transform3D(0.33, -3.3526227e-05, -7.244763e-05, -2.145427e-06, 0.2956538, -0.14659071, 7.980014e-05, 0.1465907, 0.29565382, -6.15823e-05, 0.07232522, -0.078679785)
collision_layer = 4
joint_type = 2
joint_offset = Transform3D(1, 0, 0, 0, 1, 0, 0, 0, 1, 0.00010957685, 0.1691994, -0.12617888)
body_offset = Transform3D(1, -0.00010204653, -0.00021853024, 0.00017711533, 0.92572296, 0.37820184, 0.0001637043, -0.37820196, 0.9257232, -0.00011988453, -0.10891071, 0.18079823)
friction = 0.4
bounce = 0.2
bone_name = "Pelvis"
joint_constraints/swing_span = 9.999996
joint_constraints/twist_span = 180.0
joint_constraints/bias = 0.3
joint_constraints/softness = 0.8
joint_constraints/relaxation = 1.0

[node name="CollisionShape3D" type="CollisionShape3D" parent="ape_orangutan/Armature_Orang/Skeleton3D/Ragdoll/Physical Bone Pelvis" unique_id=1414895023]
transform = Transform3D(1, 1.7763568e-15, -7.1054274e-15, 0, 0, 1, 0, -1, 0, -1.5464547e-08, 0.1585498, 0.107316256)
shape = SubResource("CapsuleShape3D_wppca")

[node name="Physical Bone Spine" type="PhysicalBone3D" parent="ape_orangutan/Armature_Orang/Skeleton3D/Ragdoll" unique_id=1598314396]
transform = Transform3D(0.33, 3.940714e-05, 6.260196e-05, 1.4295989e-05, 0.24003446, -0.22645856, -7.25779e-05, 0.22645855, 0.24003446, -3.2911055e-05, 0.167635, -0.041321687)
collision_layer = 4
joint_type = 2
joint_offset = Transform3D(1, 0, 0, 0, 1, 0, 0, 0, 1, 2.0973199e-05, 0.14377522, -0.025962517)
body_offset = Transform3D(1, 0.00010797596, 0.00019297826, -0.00014695575, 0.976595, 0.21508619, -0.00016523752, -0.21508625, 0.9765951, -3.1487267e-05, -0.13482597, 0.056278944)
friction = 0.4
bounce = 0.2
bone_name = "Spine"
joint_constraints/swing_span = 4.999998
joint_constraints/twist_span = 39.999985
joint_constraints/bias = 0.3
joint_constraints/softness = 0.8
joint_constraints/relaxation = 1.0

[node name="CollisionShape3D" type="CollisionShape3D" parent="ape_orangutan/Armature_Orang/Skeleton3D/Ragdoll/Physical Bone Spine" unique_id=445052303]
transform = Transform3D(1, 3.5063195e-07, 2.3518237e-07, -4.016751e-07, 0.96167964, 0.2741776, -1.3003512e-07, -0.2741777, 0.9616792, -8.0137e-08, 0.076402396, 0.117420435)
shape = SubResource("CapsuleShape3D_54pyi")

[node name="PushablePusher" type="Area3D" parent="ape_orangutan/Armature_Orang/Skeleton3D/Ragdoll/Physical Bone Spine" unique_id=1087675309 node_paths=PackedStringArray("ape", "state", "ragdoll")]
transform = Transform3D(1, 2.506422e-07, -7.6170545e-07, 6.9034286e-07, 0.25881898, 0.96592563, 4.2369356e-07, -0.9659257, 0.25881916, -1.8626451e-07, -0.07860902, 0.65487623)
collision_layer = 0
collision_mask = 16
script = ExtResource("4_n1hoy")
ape = NodePath("../../../../../..")
state = NodePath("../../../../../../PlayerState")
ragdoll = NodePath("../..")

[node name="CollisionShape3D" type="CollisionShape3D" parent="ape_orangutan/Armature_Orang/Skeleton3D/Ragdoll/Physical Bone Spine/PushablePusher" unique_id=2006120402]
transform = Transform3D(1, 0, 0, 0, 1, 0, 0, 0, 1, 0, 0.5, 0)
shape = SubResource("CylinderShape3D_n5wll")

[node name="Physical Bone Neck" type="PhysicalBone3D" parent="ape_orangutan/Armature_Orang/Skeleton3D/Ragdoll" unique_id=1219001923]
transform = Transform3D(0.33, 1.193962e-05, -1.6462917e-07, -2.9443418e-06, 0.07695413, -0.32090196, -1.1572057e-05, 0.32090196, 0.07695413, -4.7806072e-05, 0.21688755, 0.005118202)
collision_layer = 4
collision_mask = 17
joint_type = 2
joint_offset = Transform3D(1, 0, 0, 0, 1, 0, 0, 0, 1, 7.59073e-05, 0.12604517, -0.060721934)
body_offset = Transform3D(1, 2.092194e-05, 3.862483e-06, -2.1250624e-05, 0.97345895, 0.22886229, 1.0282637e-06, -0.22886209, 0.9734589, -7.830987e-05, -0.108802825, 0.08795726)
friction = 0.4
bounce = 0.2
bone_name = "Neck"
joint_constraints/swing_span = 19.999992
joint_constraints/twist_span = 24.999996
joint_constraints/bias = 0.3
joint_constraints/softness = 0.8
joint_constraints/relaxation = 1.0

[node name="CollisionShape3D" type="CollisionShape3D" parent="ape_orangutan/Armature_Orang/Skeleton3D/Ragdoll/Physical Bone Neck" unique_id=465597284]
transform = Transform3D(1, 1.106147e-06, 2.768926e-07, -1.1006739e-06, 0.8516721, 0.524075, 3.1126189e-07, -0.524075, 0.8516723, 6.4844244e-08, 0.14075811, 0.053019404)
shape = SubResource("CapsuleShape3D_n5wll")

[node name="Physical Bone Head" type="PhysicalBone3D" parent="ape_orangutan/Armature_Orang/Skeleton3D/Ragdoll" unique_id=1121487032]
transform = Transform3D(0.33, 3.4936267e-05, -1.25607685e-05, -9.125445e-06, -0.031893853, -0.32845515, -3.5986694e-05, 0.32845515, -0.03189385, -4.4178465e-05, 0.23994343, 0.05608383)
collision_layer = 4
collision_mask = 17
joint_type = 2
joint_offset = Transform3D(1, 0, 0, 0, 1, 0, 0, 0, 1, 5.7971425e-05, 0.11980687, -0.031048294)
body_offset = Transform3D(1, 5.878489e-05, -1.9792808e-05, -5.983605e-05, 0.9983093, -0.05812902, 1.6342206e-05, 0.05812922, 0.9983093, -6.562879e-05, -0.12140912, 0.02403152)
friction = 0.4
bounce = 0.2
bone_name = "Head"
joint_constraints/swing_span = 24.999996
joint_constraints/twist_span = 19.999992
joint_constraints/bias = 0.3
joint_constraints/softness = 0.8
joint_constraints/relaxation = 1.0

[node name="CollisionShape3D" type="CollisionShape3D" parent="ape_orangutan/Armature_Orang/Skeleton3D/Ragdoll/Physical Bone Head" unique_id=600854772]
transform = Transform3D(0.99994695, -0.002134634, -0.010077274, 0.00027098507, 0.9834103, -0.18141994, 0.010297311, 0.1814082, 0.9833542, 9.1708825e-05, 0.111748844, 0.022595644)
shape = SubResource("CapsuleShape3D_pe46d")

[node name="Physical Bone Shoulder_L" type="PhysicalBone3D" parent="ape_orangutan/Armature_Orang/Skeleton3D/Ragdoll" unique_id=1011885616]
transform = Transform3D(-0.10447557, 0.3130244, -0.0007660631, 0.20962058, 0.0705627, 0.24490844, 0.23247384, 0.07704958, -0.22117709, 0.010566744, 0.21900375, 0.0050011002)
collision_layer = 4
collision_mask = 17
joint_type = 2
joint_offset = Transform3D(0.9999979, 0, 0, 0, 0.99999756, 0, 0, 0, 0.99999845, 0.13888441, 0.012500279, -0.011946555)
body_offset = Transform3D(0.9386903, 0.29487485, -0.17863113, -0.32368457, 0.9321649, -0.16216488, 0.11869532, 0.21004272, 0.9704604, -0.13618949, 0.031365108, -0.007516861)
friction = 0.4
bounce = 0.2
bone_name = "Shoulder_L"
joint_constraints/swing_span = 9.999996
joint_constraints/twist_span = 4.999998
joint_constraints/bias = 0.3
joint_constraints/softness = 0.8
joint_constraints/relaxation = 1.0

[node name="CollisionShape3D" type="CollisionShape3D" parent="ape_orangutan/Armature_Orang/Skeleton3D/Ragdoll/Physical Bone Shoulder_L" unique_id=1065188310]
transform = Transform3D(1.0000013, 6.482005e-07, 0, -9.313226e-10, 1.0000005, 6.519258e-09, 0, -1.9324943e-07, 1.0000004, 0.0056129694, 0.126, -0.07021457)
shape = SubResource("CapsuleShape3D_vurlm")

[node name="Physical Bone Arm_Upper_L" type="PhysicalBone3D" parent="ape_orangutan/Armature_Orang/Skeleton3D/Ragdoll" unique_id=501162425]
transform = Transform3D(0.08676282, -0.07215281, -0.31010675, 0.18799745, -0.24779285, 0.1102528, -0.25696146, -0.20565186, -0.02404444, 0.055689137, 0.2444249, 0.02896364)
collision_layer = 4
collision_mask = 17
joint_type = 2
joint_offset = Transform3D(1, 0, 0, 0, 1, 0, 0, 0, 1, -0.044755794, -0.030314565, -0.06215048)
body_offset = Transform3D(0.7002241, -0.21536827, -0.6806636, -0.15445778, 0.8851306, -0.4389603, 0.69701403, 0.41250452, 0.5865248, -0.017493278, -0.0073621273, 0.080153115)
friction = 0.4
bounce = 0.2
bone_name = "Arm_Upper_L"
joint_constraints/swing_span = 45.0
joint_constraints/twist_span = 45.0
joint_constraints/bias = 0.3
joint_constraints/softness = 0.8
joint_constraints/relaxation = 1.0

[node name="CollisionShape3D" type="CollisionShape3D" parent="ape_orangutan/Armature_Orang/Skeleton3D/Ragdoll/Physical Bone Arm_Upper_L" unique_id=1140243226]
transform = Transform3D(0.9999997, 1.4882535e-06, 1.9669533e-06, -3.259629e-08, 0.99999535, 1.3299286e-06, 1.7881393e-07, -3.091991e-07, 0.9999914, 0.005, 0.216, -0.014)
shape = SubResource("CapsuleShape3D_pb1wn")

[node name="Physical Bone Arm_Lower_L" type="PhysicalBone3D" parent="ape_orangutan/Armature_Orang/Skeleton3D/Ragdoll" unique_id=1790107468]
transform = Transform3D(-0.062020797, 0.19099794, -0.2618649, -0.26710704, -0.18114193, -0.06885819, -0.18359539, 0.19901608, 0.18864077, 0.033149, 0.10562551, -0.07097889)
collision_layer = 4
collision_mask = 17
joint_type = 3
joint_offset = Transform3D(-4.3711143e-08, 0.70710254, 0.7071023, 0, 0.7071026, -0.70710224, -0.9999944, -3.0908435e-08, -3.0908424e-08, -0.16721338, 0.21699026, -0.04801914)
joint_rotation = Vector3(0.7853981, 1.5707964, 0)
body_offset = Transform3D(0.7850733, 0.21194002, -0.58201456, 0.09840423, 0.8850281, 0.45501825, 0.6115357, -0.41449594, 0.6739567, 0.057338014, -0.15373842, 0.2245614)
friction = 0.4
bounce = 0.2
bone_name = "Arm_Lower_L"
joint_constraints/angular_limit_enabled = true
joint_constraints/angular_limit_upper = 45.0
joint_constraints/angular_limit_lower = -45.0
joint_constraints/angular_limit_bias = 0.3
joint_constraints/angular_limit_softness = 0.9
joint_constraints/angular_limit_relaxation = 1.0

[node name="CollisionShape3D" type="CollisionShape3D" parent="ape_orangutan/Armature_Orang/Skeleton3D/Ragdoll/Physical Bone Arm_Lower_L" unique_id=271854951]
transform = Transform3D(0.9925505, -0.0112032555, -0.12131918, 0.008724622, 0.9997458, -0.020942487, 0.12152221, 0.019728009, 0.9923958, 0, 0.232, -0.021)
shape = SubResource("CapsuleShape3D_c5vop")

[node name="Physical Bone Hand_L" type="PhysicalBone3D" parent="ape_orangutan/Armature_Orang/Skeleton3D/Ragdoll" unique_id=711070125]
transform = Transform3D(0.09374089, -0.02854604, -0.3151155, 0.061506696, -0.3207408, 0.047352705, -0.3103701, -0.072183624, -0.08579016, 0.1228151, 0.08870983, 0.021502048)
collision_layer = 4
collision_mask = 17
joint_type = 3
joint_offset = Transform3D(0.9999998, 0, 0, 0, -4.3711385e-08, -0.99999976, 0, 0.99999994, -4.3711378e-08, -0.21119048, 0.1193814, -0.04374939)
joint_rotation = Vector3(1.5707964, 0, 0)
body_offset = Transform3D(0.8184521, 0.22309718, -0.52949405, -0.29883695, 0.95237494, -0.060645618, 0.4907468, 0.2078677, 0.84614354, 0.1230506, -0.17946059, 0.11584377)
friction = 0.4
bounce = 0.2
bone_name = "Hand_L"
joint_constraints/angular_limit_enabled = true
joint_constraints/angular_limit_upper = 45.0
joint_constraints/angular_limit_lower = -45.0
joint_constraints/angular_limit_bias = 0.3
joint_constraints/angular_limit_softness = 0.9
joint_constraints/angular_limit_relaxation = 1.0

[node name="CollisionShape3D" type="CollisionShape3D" parent="ape_orangutan/Armature_Orang/Skeleton3D/Ragdoll/Physical Bone Hand_L" unique_id=33125335]
transform = Transform3D(0.9969834, 0.0671664, -0.038518496, -0.07530436, 0.95683867, -0.28066516, 0.0180047, 0.28272247, 0.9590268, 0, 0.105, 0.029)
shape = SubResource("CapsuleShape3D_yop2s")

[node name="Physical Bone Shoulder_R" type="PhysicalBone3D" parent="ape_orangutan/Armature_Orang/Skeleton3D/Ragdoll" unique_id=1168480884]
transform = Transform3D(-0.104221694, -0.31310835, 0.00100069, -0.20940816, 0.07048728, 0.24511175, -0.232779, 0.076776996, -0.22095078, -0.010785696, 0.21918353, 0.004916431)
collision_layer = 4
collision_mask = 17
joint_type = 2
joint_offset = Transform3D(0.9999979, 0, 0, 0, 0.99999756, 0, 0, 0, 0.99999845, -0.13891165, 0.011819471, -0.012373444)
body_offset = Transform3D(0.9391304, -0.29402834, 0.17771193, 0.3227324, 0.932372, -0.1628709, -0.117804855, 0.21031034, 0.9705112, 0.13613033, 0.031795874, -0.0068416595)
friction = 0.4
bounce = 0.2
bone_name = "Shoulder_R"
joint_constraints/swing_span = 9.999996
joint_constraints/twist_span = 4.999998
joint_constraints/bias = 0.3
joint_constraints/softness = 0.8
joint_constraints/relaxation = 1.0

[node name="CollisionShape3D" type="CollisionShape3D" parent="ape_orangutan/Armature_Orang/Skeleton3D/Ragdoll/Physical Bone Shoulder_R" unique_id=324984087]
transform = Transform3D(1.0000013, 6.482005e-07, 0, -9.313226e-10, 1.0000005, 6.519258e-09, 0, -1.9324943e-07, 1.0000004, 0.0056129694, 0.126, -0.07021457)
shape = SubResource("CapsuleShape3D_vurlm")

[node name="Physical Bone Arm_Upper_R" type="PhysicalBone3D" parent="ape_orangutan/Armature_Orang/Skeleton3D/Ragdoll" unique_id=1907136194]
transform = Transform3D(0.08648583, 0.07174755, 0.31027812, -0.18796988, -0.24803719, 0.10974926, 0.25707495, -0.20549908, -0.024137344, -0.0557308, 0.24443652, 0.02893004)
collision_layer = 4
collision_mask = 17
joint_type = 2
joint_offset = Transform3D(1, 0, 0, 0, 1, 0, 0, 0, 1, 0.044916872, -0.03024734, -0.062179234)
body_offset = Transform3D(0.6995764, 0.21451811, 0.6815974, 0.15444642, 0.88593066, -0.43734804, -0.6976671, 0.4112285, 0.58664477, 0.017447025, -0.0073341727, 0.080252714)
friction = 0.4
bounce = 0.2
bone_name = "Arm_Upper_R"
joint_constraints/swing_span = 45.0
joint_constraints/twist_span = 45.0
joint_constraints/bias = 0.3
joint_constraints/softness = 0.8
joint_constraints/relaxation = 1.0

[node name="CollisionShape3D" type="CollisionShape3D" parent="ape_orangutan/Armature_Orang/Skeleton3D/Ragdoll/Physical Bone Arm_Upper_R" unique_id=256822696]
transform = Transform3D(0.9999997, 1.4882535e-06, 1.9669533e-06, -3.259629e-08, 0.99999535, 1.3299286e-06, 1.7881393e-07, -3.091991e-07, 0.9999914, 0.005, 0.216, -0.014)
shape = SubResource("CapsuleShape3D_pb1wn")

[node name="Physical Bone Arm_Lower_R" type="PhysicalBone3D" parent="ape_orangutan/Armature_Orang/Skeleton3D/Ragdoll" unique_id=1546893214]
transform = Transform3D(-0.06208895, -0.19016524, 0.26245406, 0.2671406, -0.18134248, -0.068196915, 0.18352352, 0.1996299, 0.18806128, -0.033087082, 0.10565958, -0.07037766)
collision_layer = 4
collision_mask = 17
joint_type = 3
joint_offset = Transform3D(-4.371105e-08, -0.7070998, 0.7070968, 0, 0.70709985, 0.70709676, -0.99999225, 3.0908314e-08, -3.0908183e-08, 0.16614366, 0.21592349, -0.049854904)
joint_rotation = Vector3(-0.7853981, 1.5707964, 0)
body_offset = Transform3D(0.7850622, -0.21000296, 0.5827318, -0.09855658, 0.8864404, 0.45222858, -0.6115261, -0.41245967, 0.6752135, -0.056036495, -0.15248294, 0.22432362)
friction = 0.4
bounce = 0.2
bone_name = "Arm_Lower_R"
joint_constraints/angular_limit_enabled = true
joint_constraints/angular_limit_upper = 45.0
joint_constraints/angular_limit_lower = -45.0
joint_constraints/angular_limit_bias = 0.3
joint_constraints/angular_limit_softness = 0.9
joint_constraints/angular_limit_relaxation = 1.0

[node name="CollisionShape3D" type="CollisionShape3D" parent="ape_orangutan/Armature_Orang/Skeleton3D/Ragdoll/Physical Bone Arm_Lower_R" unique_id=794629075]
transform = Transform3D(0.9925505, -0.0112032555, -0.12131918, 0.008724622, 0.9997458, -0.020942487, 0.12152221, 0.019728009, 0.9923958, 0, 0.232, -0.021)
shape = SubResource("CapsuleShape3D_c5vop")

[node name="Physical Bone Hand_R" type="PhysicalBone3D" parent="ape_orangutan/Armature_Orang/Skeleton3D/Ragdoll" unique_id=1685063262]
transform = Transform3D(0.09416808, 0.02844864, 0.31499693, -0.06160343, -0.320718, 0.047381625, 0.31022152, -0.07232342, -0.08620867, -0.12281281, 0.088740125, 0.021350885)
collision_layer = 4
collision_mask = 17
joint_type = 3
joint_offset = Transform3D(0.9999998, 0, 0, 0, -4.3711385e-08, -0.99999976, 0, 0.99999994, -4.3711378e-08, 0.2116387, 0.11926381, -0.044152945)
joint_rotation = Vector3(1.5707964, 0, 0)
body_offset = Transform3D(0.81905013, -0.22354667, 0.52837855, 0.2991811, 0.9522521, -0.06088739, -0.489538, 0.20795032, 0.8468231, -0.123352215, -0.17957589, 0.11619398)
friction = 0.4
bounce = 0.2
bone_name = "Hand_R"
joint_constraints/angular_limit_enabled = true
joint_constraints/angular_limit_upper = 45.0
joint_constraints/angular_limit_lower = -45.0
joint_constraints/angular_limit_bias = 0.3
joint_constraints/angular_limit_softness = 0.9
joint_constraints/angular_limit_relaxation = 1.0

[node name="CollisionShape3D" type="CollisionShape3D" parent="ape_orangutan/Armature_Orang/Skeleton3D/Ragdoll/Physical Bone Hand_R" unique_id=1080323224]
transform = Transform3D(0.9969834, 0.0671664, -0.038518496, -0.07530436, 0.95683867, -0.28066516, 0.0180047, 0.28272247, 0.9590268, 0, 0.105, 0.029)
shape = SubResource("CapsuleShape3D_yop2s")

[node name="Physical Bone Thigh_L" type="PhysicalBone3D" parent="ape_orangutan/Armature_Orang/Skeleton3D/Ragdoll" unique_id=1559074622]
transform = Transform3D(0.23802498, 0.18230356, 0.13787508, 0.20963907, -0.094800875, -0.23656768, -0.091080144, 0.25822127, -0.18419065, 0.052705936, 0.07352873, -0.060875133)
collision_layer = 4
collision_mask = 17
joint_type = 2
joint_offset = Transform3D(1, 0, 0, 0, 1, 0, 0, 0, 1, 0.094073944, -0.12071374, -0.12173998)
body_offset = Transform3D(0.93811977, 0.34626362, 0.005748244, -0.32501072, 0.87456703, 0.35986218, 0.119580075, -0.33946198, 0.9329876, -0.04575406, 0.17995693, 0.061354794)
friction = 0.4
bounce = 0.2
bone_name = "Thigh_L"
joint_constraints/swing_span = 65.0
joint_constraints/twist_span = 19.999992
joint_constraints/bias = 0.3
joint_constraints/softness = 0.8
joint_constraints/relaxation = 1.0

[node name="CollisionShape3D2" type="CollisionShape3D" parent="ape_orangutan/Armature_Orang/Skeleton3D/Ragdoll/Physical Bone Thigh_L" unique_id=294408266]
transform = Transform3D(0.993755, 0.10291572, 0.043105513, -0.10113803, 0.9940035, -0.041582793, -0.047126517, 0.036963537, 0.9982049, 0, 0.129, -0.007)
shape = SubResource("CapsuleShape3D_ah3bo")

[node name="Physical Bone Shin_L" type="PhysicalBone3D" parent="ape_orangutan/Armature_Orang/Skeleton3D/Ragdoll" unique_id=35757324]
transform = Transform3D(0.1684962, -0.19925219, 0.20200895, -0.1965012, 0.08754032, 0.25024784, -0.2046859, -0.24806307, -0.073948726, 0.08549798, -0.0013193438, -0.013827942)
collision_layer = 4
collision_mask = 17
joint_type = 3
joint_offset = Transform3D(-4.37113e-08, 0, 0.999998, 0, 0.9999973, 0, -0.999998, 0, -4.37113e-08, -0.10491377, 0.05143319, 0.11682165)
joint_rotation = Vector3(0, 1.5707964, 0)
body_offset = Transform3D(0.87109315, -0.47342724, 0.13062806, 0.4675257, 0.71793056, -0.5157476, 0.15038714, 0.51033616, 0.84672356, 0.10047935, 0.0723749, -0.109386176)
friction = 0.4
bounce = 0.2
bone_name = "Shin_L"
joint_constraints/angular_limit_enabled = true
joint_constraints/angular_limit_upper = 45.0
joint_constraints/angular_limit_lower = -45.0
joint_constraints/angular_limit_bias = 0.3
joint_constraints/angular_limit_softness = 0.9
joint_constraints/angular_limit_relaxation = 1.0

[node name="CollisionShape3D" type="CollisionShape3D" parent="ape_orangutan/Armature_Orang/Skeleton3D/Ragdoll/Physical Bone Shin_L" unique_id=1547755645]
transform = Transform3D(0.9677346, -0.0013375161, 0.25197425, -0.029457614, 0.99252796, 0.118404664, -0.250249, -0.122005925, 0.96046895, -0.009299912, 0.097723246, -0.001721546)
shape = SubResource("CapsuleShape3D_cg0of")

[node name="Physical Bone Foot_L" type="PhysicalBone3D" parent="ape_orangutan/Armature_Orang/Skeleton3D/Ragdoll" unique_id=832323799]
transform = Transform3D(0.045063835, 0.17451079, 0.2764331, 0.32646075, -0.038625423, -0.028835263, 0.017106907, 0.277406, -0.17791371, 0.04627417, 0.0155746685, -0.062237833)
collision_layer = 4
collision_mask = 17
joint_type = 3
joint_offset = Transform3D(0.9999998, 0, 0, 0, -4.3711385e-08, -0.99999976, 0, 0.99999994, -4.3711378e-08, 0.013895722, -0.002751009, -0.0007095088)
joint_rotation = Vector3(1.5707964, 0, 0)
body_offset = Transform3D(0.98926324, 0.124337815, -0.07680062, -0.12264581, 0.9921, 0.026388139, 0.07947519, -0.016685247, 0.9966974, -0.0134589635, 0.004452251, -0.00044310093)
friction = 0.4
bounce = 0.2
bone_name = "Foot_L"
joint_constraints/angular_limit_enabled = true
joint_constraints/angular_limit_upper = 45.0
joint_constraints/angular_limit_lower = -45.0
joint_constraints/angular_limit_bias = 0.3
joint_constraints/angular_limit_softness = 0.9
joint_constraints/angular_limit_relaxation = 1.0

[node name="CollisionShape3D" type="CollisionShape3D" parent="ape_orangutan/Armature_Orang/Skeleton3D/Ragdoll/Physical Bone Foot_L" unique_id=1072678156]
transform = Transform3D(0.96206564, 0.254274, 0.09886648, -0.24878938, 0.9664055, -0.06453225, -0.11195397, 0.037487358, 0.993006, 0.02200979, 0.079571776, -0.010245115)
shape = SubResource("CapsuleShape3D_6yin8")

[node name="Physical Bone Thigh_R" type="PhysicalBone3D" parent="ape_orangutan/Armature_Orang/Skeleton3D/Ragdoll" unique_id=1470890017]
transform = Transform3D(0.23761818, -0.18291266, -0.13777003, -0.21003345, -0.09498729, -0.23614274, 0.0912336, 0.25772154, -0.18481357, -0.05298778, 0.07365611, -0.060751326)
collision_layer = 4
collision_mask = 17
joint_type = 2
joint_offset = Transform3D(1, 0, 0, 0, 1, 0, 0, 0, 1, -0.09371562, -0.121410154, -0.12120573)
body_offset = Transform3D(0.93748677, -0.34796518, -0.0062134974, 0.3270446, 0.874738, 0.35759622, -0.118995965, -0.33727387, 0.9338553, 0.044857547, 0.18019399, 0.06108836)
friction = 0.4
bounce = 0.2
bone_name = "Thigh_R"
joint_constraints/swing_span = 65.0
joint_constraints/twist_span = 19.999992
joint_constraints/bias = 0.3
joint_constraints/softness = 0.8
joint_constraints/relaxation = 1.0

[node name="CollisionShape3D2" type="CollisionShape3D" parent="ape_orangutan/Armature_Orang/Skeleton3D/Ragdoll/Physical Bone Thigh_R" unique_id=2027000934]
transform = Transform3D(0.9937549, 0.102915734, 0.043105483, -0.10113806, 0.9940035, -0.041582793, -0.0471265, 0.036963552, 0.9982048, -0.029236495, 0.125, -0.013)
shape = SubResource("CapsuleShape3D_ah3bo")

[node name="Physical Bone Shin_R" type="PhysicalBone3D" parent="ape_orangutan/Armature_Orang/Skeleton3D/Ragdoll" unique_id=885834896]
transform = Transform3D(0.16922624, 0.19820257, -0.20243083, 0.1966881, 0.08751297, 0.25011054, 0.20390265, -0.2489121, -0.07325636, -0.085670024, -0.0014435962, -0.0136319995)
collision_layer = 4
collision_mask = 17
joint_type = 3
joint_offset = Transform3D(-4.37113e-08, 0, 0.999998, 0, 0.9999973, 0, -0.999998, 0, -4.37113e-08, 0.10515962, 0.05220149, 0.11678405)
joint_rotation = Vector3(0, 1.5707964, 0)
body_offset = Transform3D(0.8726565, 0.4704092, -0.13109425, -0.4649695, 0.71836084, -0.51745605, -0.1492432, 0.5125163, 0.84560835, -0.10101457, 0.07182711, -0.109813325)
friction = 0.4
bounce = 0.2
bone_name = "Shin_R"
joint_constraints/angular_limit_enabled = true
joint_constraints/angular_limit_upper = 45.0
joint_constraints/angular_limit_lower = -45.0
joint_constraints/angular_limit_bias = 0.3
joint_constraints/angular_limit_softness = 0.9
joint_constraints/angular_limit_relaxation = 1.0

[node name="CollisionShape3D2" type="CollisionShape3D" parent="ape_orangutan/Armature_Orang/Skeleton3D/Ragdoll/Physical Bone Shin_R" unique_id=239206183]
transform = Transform3D(0.9658514, -0.037108287, 0.25642902, 0.0049463212, 0.99214816, 0.12494725, -0.25905198, -0.11941093, 0.95845896, 0.008487031, 0.0889025, -0.004136771)
shape = SubResource("CapsuleShape3D_cg0of")

[node name="Physical Bone Foot_R" type="PhysicalBone3D" parent="ape_orangutan/Armature_Orang/Skeleton3D/Ragdoll" unique_id=1141547200]
transform = Transform3D(0.04512426, -0.17576362, -0.2756283, -0.32645, -0.038827933, -0.028684566, -0.017152652, 0.27658555, -0.17918214, -0.046438694, 0.015618233, -0.061948746)
collision_layer = 4
collision_mask = 17
joint_type = 3
joint_offset = Transform3D(0.9999998, 0, 0, 0, -4.3711385e-08, -0.99999976, 0, 0.99999994, -4.3711378e-08, -0.013650883, -0.0037417358, -0.000627178)
joint_rotation = Vector3(1.5707964, 0, 0)
body_offset = Transform3D(0.98928374, -0.12377089, 0.07744865, 0.122429095, 0.9922367, 0.021860152, -0.07955324, -0.01214385, 0.99675685, 0.013090052, 0.0053976625, -0.00050626695)
