[gd_scene format=3 uid="uid://cpdvklybvsjn2"]

[ext_resource type="Script" uid="uid://lgmqlkuewowp" path="res://ape/scripts/ape_body.gd" id="1_u8ah8"]
[ext_resource type="PackedScene" uid="uid://cubf81kdaddng" path="res://ape/orangutan/ape_orangutan.blend" id="2_u8ah8"]
[ext_resource type="Script" uid="uid://4p57jdyc06ob" path="res://ape/scripts/hand_ray_cast.gd" id="3_sv5r5"]
[ext_resource type="Script" uid="uid://bb6okqe1l22n5" path="res://ape/scripts/ragdoll.gd" id="4_uya27"]
[ext_resource type="Script" uid="uid://qqt81cqdd6n8" path="res://ape/scripts/rigid_body_hitbox.gd" id="5_jyq33"]
[ext_resource type="Script" uid="uid://c5ogdg5hcnibf" path="res://ape/scripts/camera_pivot.gd" id="6_yk35a"]
[ext_resource type="Script" uid="uid://dr0wqty80sjn7" path="res://ape/scripts/ape_input.gd" id="7_q1lcf"]
[ext_resource type="Script" uid="uid://dnm8oseo2h6ro" path="res://ape/scripts/player_state.gd" id="8_68qp5"]
[ext_resource type="Script" uid="uid://trfwgwd6pb83" path="res://ape/scripts/grabbo.gd" id="9_6128t"]
[ext_resource type="Script" uid="uid://c5gwdr6pcl066" path="res://ape/scripts/authority_manager.gd" id="10_o8nwy"]
[ext_resource type="Script" uid="uid://bvw7dpc6a2dwl" path="res://ape/scripts/animation_tree.gd" id="11_5qxfy"]

[sub_resource type="CapsuleShape3D" id="CapsuleShape3D_t2650"]
height = 1.0

[sub_resource type="JointLimitationCone3D" id="JointLimitationCone3D_5qxfy"]
angle = 1.2356931

[sub_resource type="JointLimitationCone3D" id="JointLimitationCone3D_sv5r5"]
angle = 2.9761355

[sub_resource type="JointLimitationCone3D" id="JointLimitationCone3D_uya27"]
angle = 3.0733502

[sub_resource type="CapsuleShape3D" id="CapsuleShape3D_jyq33"]
radius = 0.24804688
height = 0.49609375

[sub_resource type="SceneReplicationConfig" id="SceneReplicationConfig_eiabh"]
properties/0/path = NodePath(".:global_transform")
properties/0/spawn = true
properties/0/replication_mode = 1
properties/1/path = NodePath(".:linear_velocity")
properties/1/spawn = true
properties/1/replication_mode = 1
properties/2/path = NodePath(".:angular_velocity")
properties/2/spawn = true
properties/2/replication_mode = 1

[sub_resource type="CapsuleShape3D" id="CapsuleShape3D_q1lcf"]
radius = 0.2421875
height = 0.61431885

[sub_resource type="CylinderShape3D" id="CylinderShape3D_dg7gw"]
height = 0.6720495
radius = 0.42089844

[sub_resource type="CapsuleShape3D" id="CapsuleShape3D_68qp5"]
radius = 0.14389038
height = 0.28778076

[sub_resource type="CapsuleShape3D" id="CapsuleShape3D_6128t"]
radius = 0.17697144
height = 0.35394287

[sub_resource type="CapsuleShape3D" id="CapsuleShape3D_o8nwy"]
radius = 0.18408203
height = 0.41308594

[sub_resource type="CapsuleShape3D" id="CapsuleShape3D_1hjce"]
radius = 0.091
height = 0.508448

[sub_resource type="CapsuleShape3D" id="CapsuleShape3D_opfua"]
radius = 0.064
height = 0.3959038

[sub_resource type="CapsuleShape3D" id="CapsuleShape3D_ixha7"]
radius = 0.07
height = 0.14

[sub_resource type="CapsuleShape3D" id="CapsuleShape3D_12e65"]
radius = 0.093
height = 0.413

[sub_resource type="CapsuleShape3D" id="CapsuleShape3D_uerw7"]
radius = 0.064
height = 0.32408106

[sub_resource type="CapsuleShape3D" id="CapsuleShape3D_fnqgs"]
radius = 0.075
height = 0.25

[sub_resource type="SceneReplicationConfig" id="SceneReplicationConfig_wppca"]
properties/0/path = NodePath(".:transform")
properties/0/spawn = true
properties/0/replication_mode = 1
properties/1/path = NodePath(".:velocity")
properties/1/spawn = true
properties/1/replication_mode = 1
properties/2/path = NodePath("PlayerState:current_state")
properties/2/spawn = true
properties/2/replication_mode = 1
properties/3/path = NodePath("LookPivot:rotation")
properties/3/spawn = true
properties/3/replication_mode = 1
properties/4/path = NodePath("HangJointRight:transform")
properties/4/spawn = true
properties/4/replication_mode = 1
properties/5/path = NodePath("HangJointRight:node_a")
properties/5/spawn = true
properties/5/replication_mode = 1
properties/6/path = NodePath("HangJointRight:node_b")
properties/6/spawn = true
properties/6/replication_mode = 1
properties/7/path = NodePath("ape_orangutan:transform")
properties/7/spawn = true
properties/7/replication_mode = 1
properties/8/path = NodePath("ape_orangutan/Armature_Orang/Skeleton3D/ArmRightIK:influence")
properties/8/spawn = true
properties/8/replication_mode = 1
properties/9/path = NodePath("AnimationTree:on_floor")
properties/9/spawn = true
properties/9/replication_mode = 1

[sub_resource type="AnimationNodeAnimation" id="AnimationNodeAnimation_saxvm"]
animation = &"Orang_crouch"

[sub_resource type="AnimationNodeAnimation" id="AnimationNodeAnimation_g16rh"]
animation = &"Orang_idle"

[sub_resource type="AnimationNodeTimeScale" id="AnimationNodeTimeScale_dg7gw"]

[sub_resource type="AnimationNodeAnimation" id="AnimationNodeAnimation_eiabh"]
animation = &"Orang_Walk"

[sub_resource type="AnimationNodeBlendTree" id="AnimationNodeBlendTree_eqs3y"]
nodes/TimeScale/node = SubResource("AnimationNodeTimeScale_dg7gw")
nodes/TimeScale/position = Vector2(140, 80)
nodes/walk/node = SubResource("AnimationNodeAnimation_eiabh")
nodes/walk/position = Vector2(-20, 120)
node_connections = [&"output", 0, &"TimeScale", &"TimeScale", 0, &"walk"]

[sub_resource type="AnimationNodeStateMachineTransition" id="AnimationNodeStateMachineTransition_e25ti"]
advance_mode = 2

[sub_resource type="Curve" id="Curve_dg7gw"]
_data = [Vector2(0, 0), 0.0, 0.0, 0, 0, Vector2(0.5047259, 0.7999315), 1.1129055, 1.1129055, 0, 0, Vector2(1, 1), 0.0, 0.0, 0, 0]
point_count = 3

[sub_resource type="AnimationNodeStateMachineTransition" id="AnimationNodeStateMachineTransition_pv3yb"]
xfade_time = 0.1
xfade_curve = SubResource("Curve_dg7gw")
advance_mode = 2
advance_expression = "!on_floor"

[sub_resource type="AnimationNodeStateMachineTransition" id="AnimationNodeStateMachineTransition_irwbq"]
xfade_time = 0.1
advance_mode = 2
advance_expression = "on_floor"

[sub_resource type="AnimationNodeStateMachineTransition" id="AnimationNodeStateMachineTransition_6fun5"]
xfade_time = 0.2
advance_mode = 2
advance_expression = "ape.velocity.length()>0"

[sub_resource type="AnimationNodeStateMachineTransition" id="AnimationNodeStateMachineTransition_dg7gw"]
xfade_time = 0.25
advance_mode = 2
advance_expression = "ape.velocity.length()==0"

[sub_resource type="AnimationNodeStateMachineTransition" id="AnimationNodeStateMachineTransition_eiabh"]
xfade_time = 0.1
xfade_curve = SubResource("Curve_dg7gw")
advance_mode = 2
advance_expression = "!on_floor"

[sub_resource type="AnimationNodeStateMachine" id="AnimationNodeStateMachine_b4p6a"]
states/Orang_crouch/node = SubResource("AnimationNodeAnimation_saxvm")
states/Orang_crouch/position = Vector2(398, 29)
states/Orang_idle/node = SubResource("AnimationNodeAnimation_g16rh")
states/Orang_idle/position = Vector2(244, 94)
states/Start/position = Vector2(86, 94)
states/Walk/node = SubResource("AnimationNodeBlendTree_eqs3y")
states/Walk/position = Vector2(258, 194)
transitions = ["Start", "Orang_idle", SubResource("AnimationNodeStateMachineTransition_e25ti"), "Orang_idle", "Orang_crouch", SubResource("AnimationNodeStateMachineTransition_pv3yb"), "Orang_crouch", "Orang_idle", SubResource("AnimationNodeStateMachineTransition_irwbq"), "Orang_idle", "Walk", SubResource("AnimationNodeStateMachineTransition_6fun5"), "Walk", "Orang_idle", SubResource("AnimationNodeStateMachineTransition_dg7gw"), "Walk", "Orang_crouch", SubResource("AnimationNodeStateMachineTransition_eiabh")]

[sub_resource type="AnimationNodeBlendTree" id="AnimationNodeBlendTree_sv5r5"]
nodes/StateMachine/node = SubResource("AnimationNodeStateMachine_b4p6a")
nodes/StateMachine/position = Vector2(-40, 140)
node_connections = [&"output", 0, &"StateMachine"]

[node name="Player" type="CharacterBody3D" unique_id=1802699836 node_paths=PackedStringArray("input", "camera", "look", "model", "state")]
collision_layer = 2
collision_mask = 3
floor_max_angle = 0.9599311
script = ExtResource("1_u8ah8")
speed = 2.5
jump_boost = 1.2
ground_rotation_speed = 5.0
input = NodePath("Input")
camera = NodePath("LookPivot/Camera3D")
look = NodePath("LookPivot")
model = NodePath("ape_orangutan")
state = NodePath("PlayerState")

[node name="CollisionShape3D" type="CollisionShape3D" parent="." unique_id=971283472]
transform = Transform3D(1, 0, 0, 0, 1, 0, 0, 0, 1, 0, 0.5, 0)
shape = SubResource("CapsuleShape3D_t2650")

[node name="ape_orangutan" parent="." unique_id=888293569 instance=ExtResource("2_u8ah8")]
transform = Transform3D(-1, 0, -8.742278e-08, 0, 1, 0, 8.742278e-08, 0, -1, 0, 0, 0)

[node name="Skeleton3D" parent="ape_orangutan/Armature_Orang" parent_id_path=PackedInt32Array(888293569, 637657304) index="0" unique_id=1638835662]
bones/1/position = Vector3(4.0300865e-14, 1.9426478, 0.3974252)
bones/2/position = Vector3(-0.3603421, 0.12570447, 0.53421086)
bones/2/rotation = Quaternion(4.3697188e-08, -0.02548535, 0.9996752, -1.1139992e-09)
bones/3/position = Vector3(-0.3009643, 0.47386995, 0.111370206)
bones/3/rotation = Quaternion(-0.19421354, 0.6900166, -0.69268316, 0.0796758)
bones/4/position = Vector3(-0.06873547, 0.30028573, 0.42565292)
bones/5/position = Vector3(-0.14016512, -0.05082156, 0.061301384)
bones/5/rotation = Quaternion(0.11915757, -0.6993286, 0.28120747, 0.64626884)
bones/6/position = Vector3(0.36034217, 0.12570447, 0.5342109)
bones/6/rotation = Quaternion(4.3697188e-08, -0.02548535, 0.9996752, -1.1139992e-09)
bones/7/position = Vector3(0.3009643, 0.47386995, 0.111370206)
bones/7/rotation = Quaternion(0.19421357, 0.6900166, -0.6926832, -0.07967582)
bones/8/position = Vector3(0.06873547, 0.30028573, 0.42565292)
bones/9/position = Vector3(0.14016512, -0.05082156, 0.061301384)
bones/9/rotation = Quaternion(0.11915757, 0.6993286, -0.28120747, 0.64626884)
bones/10/position = Vector3(6.651855e-05, -0.13745527, 0.27577022)
bones/10/rotation = Quaternion(1.345083e-07, 0.95965654, 0.28117514, 5.3540936e-07)
bones/11/rotation = Quaternion(0.17576154, 8.158982e-08, -1.5971774e-07, 0.9844328)
bones/12/rotation = Quaternion(0.27495232, 1.4774595e-06, 2.0465265e-07, 0.96145785)
bones/13/rotation = Quaternion(-0.15842557, -3.485678e-06, -2.2832794e-05, 0.98737097)
bones/16/rotation = Quaternion(0.7678485, 0.63025194, 0.0887855, 0.07285842)
bones/17/rotation = Quaternion(-0.12092658, -0.44690174, 0.10698686, 0.8798919)
bones/18/rotation = Quaternion(-0.5904817, -0.1999373, 0.6474312, 0.4383942)
bones/19/rotation = Quaternion(0.3710192, -0.16385004, -0.5563574, 0.72523403)
bones/20/rotation = Quaternion(0.61488503, 0.08976859, -0.15805171, 0.7673837)
bones/21/rotation = Quaternion(0.8402194, 0.015071286, -0.034139547, 0.540961)
bones/22/rotation = Quaternion(0.5259907, -0.28141648, -0.06729437, 0.7997562)
bones/24/rotation = Quaternion(0.62400496, -0.08488151, -0.223102, 0.74406886)
bones/25/rotation = Quaternion(0.73857147, 0.110073835, -0.29959065, 0.5938361)
bones/26/rotation = Quaternion(0.76784927, -0.63025296, -0.08877892, 0.072850145)
bones/27/rotation = Quaternion(-0.121065766, 0.4469127, -0.10718445, 0.879843)
bones/28/rotation = Quaternion(-0.5904968, 0.19992068, -0.6474471, 0.43835783)
bones/29/rotation = Quaternion(0.37105158, 0.16370182, 0.5565393, 0.72511137)
bones/30/rotation = Quaternion(0.614885, -0.08976861, 0.15805167, 0.7673837)
bones/31/rotation = Quaternion(0.8402194, -0.015071329, 0.03413956, 0.54096097)
bones/32/position = Vector3(0.018465336, 0.105905615, 0.014835339)
bones/32/rotation = Quaternion(0.62400496, 0.084881485, 0.22310194, 0.7440689)
bones/33/rotation = Quaternion(0.73857135, -0.110073835, 0.2995907, 0.59383625)
bones/34/rotation = Quaternion(0.52599066, 0.28141657, 0.06729435, 0.7997563)
bones/36/rotation = Quaternion(0.65536684, 0.72970366, 0.09139436, 0.17226127)
bones/37/rotation = Quaternion(-0.1960679, -0.6679494, 0.22796522, 0.680759)
bones/38/rotation = Quaternion(0.71929103, -0.017833209, 0.6404052, 0.26867017)
bones/39/rotation = Quaternion(-0.36000142, 0.14971301, -0.9207394, -0.014963178)
bones/40/rotation = Quaternion(-0.034143746, 0.88755524, -0.06985925, 0.45409206)
bones/41/position = Vector3(0.039142445, 0.028837094, 0.03866555)
bones/41/rotation = Quaternion(-0.15224452, -0.8453407, 0.037964676, 0.5106657)
bones/42/rotation = Quaternion(0.00847299, 0.8855601, -0.0923494, -0.4551737)
bones/43/position = Vector3(-0.043649405, -0.024467414, -0.058716673)
bones/43/rotation = Quaternion(0.016035995, 0.86718106, -0.48570782, -0.10875581)
bones/44/rotation = Quaternion(-0.03783698, -0.4003064, 0.03324155, 0.91499627)
bones/45/rotation = Quaternion(-0.6553667, 0.7297035, 0.09139517, -0.17226207)
bones/46/rotation = Quaternion(-0.19635683, 0.6678348, -0.22822659, 0.68070066)
bones/47/rotation = Quaternion(0.7193019, 0.017829979, -0.640415, 0.2686177)
bones/48/rotation = Quaternion(-0.35989982, -0.1493083, 0.9208427, -0.015096009)
bones/49/rotation = Quaternion(0.034143798, 0.88755524, -0.069859274, -0.45409206)
bones/50/position = Vector3(-0.03914247, 0.028837115, 0.03866558)
bones/50/rotation = Quaternion(-0.15224443, 0.8453408, -0.037964568, 0.5106656)
bones/51/rotation = Quaternion(-0.008472929, 0.8855601, -0.09234924, 0.45517376)
bones/52/position = Vector3(0.043649398, -0.024467422, -0.05871666)
bones/52/rotation = Quaternion(-0.016036, 0.8671811, -0.48570767, 0.10875581)
bones/53/rotation = Quaternion(-0.037836928, 0.4003064, -0.03324153, 0.91499627)

[node name="Head" type="BoneAttachment3D" parent="ape_orangutan/Armature_Orang/Skeleton3D" index="1" unique_id=312895356]
transform = Transform3D(1, 5.118908e-05, 5.1264124e-06, -3.7426175e-06, 0.17177166, -0.98513657, -5.1308816e-05, 0.9851366, 0.17177151, -6.213941e-05, 0.44973087, 0.34769917)
bone_name = "Head"
bone_idx = 13

[node name="Hand_R" type="BoneAttachment3D" parent="ape_orangutan/Armature_Orang/Skeleton3D" index="2" unique_id=1993154366]
transform = Transform3D(0.30728248, -0.19361645, -0.9317132, -0.39463872, 0.86499614, -0.3099058, 0.8659314, 0.46291885, 0.18938957, -0.15978056, 0.7297692, 0.8280467)
bone_name = "Hand_R"
bone_idx = 29

[node name="HoldingSpaceRight" type="Marker3D" parent="ape_orangutan/Armature_Orang/Skeleton3D/Hand_R" unique_id=496759705]
transform = Transform3D(0.99999946, -1.0058284e-06, -1.7881393e-07, 9.797513e-07, 0.9999993, 1.1324883e-06, 1.6391277e-07, -1.4007092e-06, 0.9999991, -0.03665997, 0.08608669, 0.0808467)

[node name="Hand_L" type="BoneAttachment3D" parent="ape_orangutan/Armature_Orang/Skeleton3D" index="3" unique_id=1021805912]
transform = Transform3D(0.72403395, 0.3079081, 0.6172254, 0.35379082, 0.6023845, -0.71551716, -0.59212095, 0.73642766, 0.3272115, 0.10015413, 0.7551273, 0.7623803)
bone_name = "Hand_L"
bone_idx = 19

[node name="HoldingSpaceLeft" type="Marker3D" parent="ape_orangutan/Armature_Orang/Skeleton3D/Hand_L" unique_id=1184858993]
transform = Transform3D(0.99999946, -1.0058284e-06, -1.7881393e-07, 9.797513e-07, 0.9999993, 1.1324883e-06, 1.6391277e-07, -1.4007092e-06, 0.9999991, -0.03665997, 0.08608669, 0.0808467)

[node name="Spine" type="BoneAttachment3D" parent="ape_orangutan/Armature_Orang/Skeleton3D" index="4" unique_id=1004265275]
transform = Transform3D(1, 8.798442e-06, -1.0580945e-06, -2.882043e-06, 0.20998469, -0.9777047, -8.380098e-06, 0.97770476, 0.20998454, -6.650534e-05, 0.44188082, -0.017174304)
bone_name = "Spine"
bone_idx = 11

[node name="RayCast3DRight" type="RayCast3D" parent="ape_orangutan/Armature_Orang/Skeleton3D/Spine" unique_id=391874177 node_paths=PackedStringArray("target_child", "ignore_these")]
transform = Transform3D(-1, -2.5189154e-06, 8.557606e-06, -8.854693e-06, 0.18762134, -0.98224175, 8.6882204e-07, -0.982241, -0.18762168, -0.32130536, 0.21029215, 0.012489617)
target_position = Vector3(0, 0, -1.605)
collision_mask = 19
debug_shape_custom_color = Color(1, 0.3447545, 0.55754477, 1)
debug_shape_thickness = 5
script = ExtResource("3_sv5r5")
target_child = NodePath("../../../../../LookPivot/HandTargetRight")
ignore_these = [NodePath("../../../../..")]

[node name="RayCast3DLeft" type="RayCast3D" parent="ape_orangutan/Armature_Orang/Skeleton3D/Spine" unique_id=1014265085 node_paths=PackedStringArray("target_child", "ignore_these")]
transform = Transform3D(-1, -2.5189154e-06, 8.557606e-06, -8.854693e-06, 0.18762134, -0.98224175, 8.6882204e-07, -0.982241, -0.18762168, 0.321, 0.21, 0.012)
target_position = Vector3(0, 0, -1.605)
collision_mask = 19
debug_shape_custom_color = Color(1, 0.3447545, 0.55754477, 1)
debug_shape_thickness = 5
script = ExtResource("3_sv5r5")
target_child = NodePath("../../../../../LookPivot/HandTargetLeft")
ignore_these = [NodePath("../../../../..")]

[node name="SpineLookAt" type="LookAtModifier3D" parent="ape_orangutan/Armature_Orang/Skeleton3D" index="5" unique_id=1590428552]
transform = Transform3D(3.030303, 0, 0, 0, 3.030303, 0, 0, 0, 3.030303, 0, 0, 0)
influence = 0.25
target_node = NodePath("../../../../LookPivot/LookAtMe")
bone_name = "Spine"
bone = 11
forward_axis = 2
primary_rotation_axis = 2
relative = true
duration = 0.15
transition_type = 1
ease_type = 2

[node name="NeckLookAt" type="LookAtModifier3D" parent="ape_orangutan/Armature_Orang/Skeleton3D" index="6" unique_id=734787130]
transform = Transform3D(3.030303, 0, 0, 0, 3.030303, 0, 0, 0, 3.030303, 0, 0, 0)
influence = 0.25
target_node = NodePath("../../../../LookPivot/LookAtMe")
bone_name = "Neck"
bone = 12
forward_axis = 2
primary_rotation_axis = 0
relative = true
duration = 0.15
transition_type = 1
ease_type = 2

[node name="HeadLookAt" type="LookAtModifier3D" parent="ape_orangutan/Armature_Orang/Skeleton3D" index="7" unique_id=1369929918]
transform = Transform3D(3.030303, 0, 0, 0, 3.030303, 0, 0, 0, 3.030303, 0, 0, 0)
influence = 0.5
target_node = NodePath("../../../../LookPivot/LookAtMe")
bone_name = "Head"
bone = 13
forward_axis = 2
primary_rotation_axis = 2
relative = true
duration = 0.15
transition_type = 1
ease_type = 2

[node name="ArmRightIK" type="JacobianIK3D" parent="ape_orangutan/Armature_Orang/Skeleton3D" index="8" unique_id=396703440]
angular_delta_limit = 0.08726646259971647
setting_count = 1
settings/0/target_node = NodePath("../../../../LookPivot/HandTargetRight")
settings/0/root_bone_name = "Shoulder_R"
settings/0/root_bone = 26
settings/0/end_bone_name = "Finger_R"
settings/0/end_bone = 30
settings/0/extend_end_bone = false
settings/0/joint_count = 5
settings/0/joints/0/rotation_axis = 3
settings/0/joints/0/limitation = SubResource("JointLimitationCone3D_5qxfy")
settings/0/joints/0/limitation/right_axis = 2
settings/0/joints/0/limitation/rotation_offset = Quaternion(0.165, -1.095, -0.035, 1.31)
settings/0/joints/1/rotation_axis = 3
settings/0/joints/1/limitation = SubResource("JointLimitationCone3D_sv5r5")
settings/0/joints/1/limitation/right_axis = 0
settings/0/joints/1/limitation/rotation_offset = Quaternion(0, 0.48, -0.095, -0.41)
settings/0/joints/2/rotation_axis = 3
settings/0/joints/2/limitation = SubResource("JointLimitationCone3D_uya27")
settings/0/joints/2/limitation/right_axis = 0
settings/0/joints/2/limitation/rotation_offset = Quaternion(-0.84, -0.105, -0.225, 0.95)
settings/0/joints/3/rotation_axis = 3
settings/0/joints/3/limitation = null
settings/0/joints/4/rotation_axis = 3
settings/0/joints/4/limitation = null

[node name="ArmLeftIK" type="JacobianIK3D" parent="ape_orangutan/Armature_Orang/Skeleton3D" index="9" unique_id=846196330]
angular_delta_limit = 0.08726646259971647
setting_count = 1
settings/0/target_node = NodePath("../../../../LookPivot/HandTargetLeft")
settings/0/root_bone_name = "Shoulder_L"
settings/0/root_bone = 16
settings/0/end_bone_name = "Finger_L"
settings/0/end_bone = 20
settings/0/extend_end_bone = false
settings/0/joint_count = 5
settings/0/joints/0/rotation_axis = 3
settings/0/joints/0/limitation = SubResource("JointLimitationCone3D_5qxfy")
settings/0/joints/0/limitation/right_axis = 2
settings/0/joints/0/limitation/rotation_offset = Quaternion(0.055, 12.05, 1.28, -1.49)
settings/0/joints/1/rotation_axis = 3
settings/0/joints/1/limitation = SubResource("JointLimitationCone3D_sv5r5")
settings/0/joints/1/limitation/right_axis = 0
settings/0/joints/1/limitation/rotation_offset = Quaternion(0, 0, 0, 0.08)
settings/0/joints/2/rotation_axis = 3
settings/0/joints/2/limitation = SubResource("JointLimitationCone3D_uya27")
settings/0/joints/2/limitation/right_axis = 0
settings/0/joints/2/limitation/rotation_offset = Quaternion(0.17, 2.115, -2.975, -1.855)
settings/0/joints/3/rotation_axis = 3
settings/0/joints/3/limitation = null
settings/0/joints/4/rotation_axis = 3
settings/0/joints/4/limitation = null

[node name="Ragdoll" type="PhysicalBoneSimulator3D" parent="ape_orangutan/Armature_Orang/Skeleton3D" index="10" unique_id=634023419 node_paths=PackedStringArray("input", "state", "ape", "skeleton", "look_pivot")]
transform = Transform3D(3.030303, 0, 0, 0, 3.030303, 0, 0, 0, 3.030303, 0, 0, 0)
influence = 0.0
script = ExtResource("4_uya27")
swing_power = 2.5
get_up_speed = 2.5
input = NodePath("../../../../Input")
state = NodePath("../../../../PlayerState")
ape = NodePath("../../../..")
skeleton = NodePath("..")
look_pivot = NodePath("../../../../LookPivot")

[node name="Physical Bone Pelvis" type="PhysicalBone3D" parent="ape_orangutan/Armature_Orang/Skeleton3D/Ragdoll" unique_id=1117151723]
transform = Transform3D(0.33, -1.9500224e-08, -3.701792e-07, -3.011184e-07, 0.17809518, -0.2778167, 2.1619582e-07, 0.2778167, 0.17809516, -2.2473638e-05, 0.09471905, -0.09332421)
collision_layer = 4
joint_type = 2
joint_offset = Transform3D(1, 0, 0, 0, 1, 0, 0, 0, 1, 1.5979055e-06, -0.0006102315, 0.012980505)
body_offset = Transform3D(1, -1.020409e-07, -1.8497246e-08, 1.020413e-07, 0.9999999, 2.2888184e-05, 1.8494973e-08, -2.2828579e-05, 1.0000001, -1.5977275e-06, 0.00060993433, -0.012980521)
friction = 0.4
bone_name = "Pelvis"
joint_constraints/swing_span = 9.999996
joint_constraints/twist_span = 180.0
joint_constraints/bias = 0.3
joint_constraints/softness = 0.8
joint_constraints/relaxation = 1.0

[node name="CollisionShape3D" type="CollisionShape3D" parent="ape_orangutan/Armature_Orang/Skeleton3D/Ragdoll/Physical Bone Pelvis" unique_id=344764278]
transform = Transform3D(1, 1.7763568e-15, -7.1054274e-15, 0, 0, 1, 0, -1, 0, -1.5464547e-08, 0.1585498, 0.107316256)
shape = SubResource("CapsuleShape3D_jyq33")

[node name="MultiplayerSynchronizer" type="MultiplayerSynchronizer" parent="ape_orangutan/Armature_Orang/Skeleton3D/Ragdoll/Physical Bone Pelvis" unique_id=767726399]
replication_config = SubResource("SceneReplicationConfig_eiabh")

[node name="Physical Bone Spine" type="PhysicalBone3D" parent="ape_orangutan/Armature_Orang/Skeleton3D/Ragdoll" unique_id=577611465]
transform = Transform3D(0.33, 2.8011068e-06, -3.7289894e-07, -9.532337e-07, 0.069350645, -0.32263058, -2.6601874e-06, 0.32263058, 0.069350645, -2.269529e-05, 0.15292867, -0.007921762)
collision_layer = 4
joint_type = 2
joint_offset = Transform3D(1, 0, 0, 0, 1, 0, 0, 0, 1, 2.2754232e-06, 0.002151917, 0.022493914)
body_offset = Transform3D(1, -3.1041873e-07, -7.342237e-08, 3.1043874e-07, 0.9999998, 0.00017277896, 7.336723e-08, -0.00017264485, 0.99999994, -2.2731037e-06, -0.0021558031, -0.022493541)
friction = 0.4
bone_name = "Spine"
joint_constraints/swing_span = 4.999998
joint_constraints/twist_span = 39.999985
joint_constraints/bias = 0.3
joint_constraints/softness = 0.8
joint_constraints/relaxation = 1.0

[node name="CollisionShape3D" type="CollisionShape3D" parent="ape_orangutan/Armature_Orang/Skeleton3D/Ragdoll/Physical Bone Spine" unique_id=1345764570]
transform = Transform3D(1, 3.5063005e-07, 2.351824e-07, -4.0167512e-07, 0.9616797, 0.2741776, -1.3003512e-07, -0.27417773, 0.9616792, -8.0137e-08, 0.076402396, 0.117420435)
shape = SubResource("CapsuleShape3D_q1lcf")

[node name="PushablePusher" type="Area3D" parent="ape_orangutan/Armature_Orang/Skeleton3D/Ragdoll/Physical Bone Spine" unique_id=180764024 node_paths=PackedStringArray("ape", "state", "ragdoll")]
transform = Transform3D(1, -8.396941e-06, -3.3419167e-06, 9.036499e-06, 0.9346081, 0.35567868, 1.3676929e-07, -0.35567865, 0.9346086, 2.4718756e-06, -0.23937228, 0.22553359)
collision_layer = 0
collision_mask = 16
script = ExtResource("5_jyq33")
power = 1.5
ape = NodePath("../../../../../..")
state = NodePath("../../../../../../PlayerState")
ragdoll = NodePath("../..")

[node name="CollisionShape3D" type="CollisionShape3D" parent="ape_orangutan/Armature_Orang/Skeleton3D/Ragdoll/Physical Bone Spine/PushablePusher" unique_id=475919890]
transform = Transform3D(1, 1.29602995e-11, -1.2244072e-10, -1.23066e-11, 1.0000057, -0.0009190738, 1.2309442e-10, 0.0009189844, 1.0000057, 1.5302066e-07, 0.2786804, 0.098716736)
shape = SubResource("CylinderShape3D_dg7gw")
debug_color = Color(0.9733754, 0, 0.4378033, 0.41960785)

[node name="MultiplayerSynchronizer" type="MultiplayerSynchronizer" parent="ape_orangutan/Armature_Orang/Skeleton3D/Ragdoll/Physical Bone Spine" unique_id=72310783]
replication_config = SubResource("SceneReplicationConfig_eiabh")

[node name="Physical Bone Neck" type="PhysicalBone3D" parent="ape_orangutan/Armature_Orang/Skeleton3D/Ragdoll" unique_id=2102952717]
transform = Transform3D(0.33, 5.2827504e-06, -1.0817471e-06, 5.6656177e-08, -0.06959344, -0.3225783, -5.392069e-06, 0.3225783, -0.06959344, -2.2252509e-05, 0.16627169, 0.06205485)
collision_layer = 4
collision_mask = 17
joint_type = 2
joint_offset = Transform3D(1, 0, 0, 0, 1, 0, 0, 0, 1, 2.8060745e-06, -0.00080184574, 0.01956054)
body_offset = Transform3D(1, 7.819108e-07, -9.7368684e-08, -7.820945e-07, 0.99999857, -0.0019274354, 9.585733e-08, 0.0019275993, 0.9999985, -2.8035429e-06, 0.0008395463, -0.019558966)
friction = 0.4
bone_name = "Neck"
joint_constraints/swing_span = 19.999992
joint_constraints/twist_span = 24.999996
joint_constraints/bias = 0.3
joint_constraints/softness = 0.8
joint_constraints/relaxation = 1.0

[node name="CollisionShape3D" type="CollisionShape3D" parent="ape_orangutan/Armature_Orang/Skeleton3D/Ragdoll/Physical Bone Neck" unique_id=868781670]
transform = Transform3D(1, 1.106147e-06, 2.768926e-07, -1.1006739e-06, 0.8516721, 0.524075, 3.1126189e-07, -0.524075, 0.8516723, 6.4844244e-08, 0.14075811, 0.053019404)
shape = SubResource("CapsuleShape3D_68qp5")

[node name="MultiplayerSynchronizer" type="MultiplayerSynchronizer" parent="ape_orangutan/Armature_Orang/Skeleton3D/Ragdoll/Physical Bone Neck" unique_id=113265049]
replication_config = SubResource("SceneReplicationConfig_eiabh")

[node name="Physical Bone Head" type="PhysicalBone3D" parent="ape_orangutan/Armature_Orang/Skeleton3D/Ragdoll" unique_id=1779494347]
transform = Transform3D(0.33, 1.9371766e-05, 2.022377e-06, -1.3351929e-06, 0.056684494, -0.3250952, -1.9431227e-05, 0.32509518, 0.056684498, -2.3444903e-05, 0.15477651, 0.11908168)
collision_layer = 4
collision_mask = 17
joint_type = 2
joint_offset = Transform3D(1, 0, 0, 0, 1, 0, 0, 0, 1, 9.758369e-06, -0.016272178, 0.016742622)
body_offset = Transform3D(1, 7.5132157e-06, 1.0020194e-06, -7.513234e-06, 1.0000002, -3.874302e-07, -1.0020331e-06, 5.2154064e-07, 1.0000002, -9.652889e-06, 0.016272187, -0.016742617)
friction = 0.4
bone_name = "Head"
joint_constraints/swing_span = 24.999996
joint_constraints/twist_span = 19.999992
joint_constraints/bias = 0.3
joint_constraints/softness = 0.8
joint_constraints/relaxation = 1.0

[node name="CollisionShape3D" type="CollisionShape3D" parent="ape_orangutan/Armature_Orang/Skeleton3D/Ragdoll/Physical Bone Head" unique_id=1606479431]
transform = Transform3D(0.99994695, -0.002134634, -0.010077274, 0.00027098507, 0.9834103, -0.18141994, 0.010297311, 0.1814082, 0.9833542, 9.1708825e-05, 0.111748844, 0.022595644)
shape = SubResource("CapsuleShape3D_6128t")

[node name="MultiplayerSynchronizer" type="MultiplayerSynchronizer" parent="ape_orangutan/Armature_Orang/Skeleton3D/Ragdoll/Physical Bone Head" unique_id=2016773755]
replication_config = SubResource("SceneReplicationConfig_eiabh")

[node name="Physical Bone Shoulder_L" type="PhysicalBone3D" parent="ape_orangutan/Armature_Orang/Skeleton3D/Ragdoll" unique_id=143140330]
transform = Transform3D(-0.1095286, 0.30314234, 0.07076893, 0.088158645, -0.041743904, 0.3152547, 0.2985491, 0.1235403, -0.06712867, 0.00022303661, 0.16708215, 0.059606854)
collision_layer = 4
collision_mask = 17
joint_type = 2
joint_offset = Transform3D(1, 0, 0, 0, 1, 0, 0, 0, 1, -0.0032030453, 0.0029670494, -0.021120172)
body_offset = Transform3D(0.999978, -0.00526616, 0.0040691644, 0.0052833557, 0.9999777, -0.0042006597, -0.004047051, 0.004222028, 0.999983, 0.003304541, -0.003038779, 0.021094322)
friction = 0.4
bone_name = "Shoulder_L"
joint_constraints/swing_span = 39.999985
joint_constraints/twist_span = 9.999996
joint_constraints/bias = 0.3
joint_constraints/softness = 0.8
joint_constraints/relaxation = 1.0

[node name="CollisionShape3D" type="CollisionShape3D" parent="ape_orangutan/Armature_Orang/Skeleton3D/Ragdoll/Physical Bone Shoulder_L" unique_id=414945970]
transform = Transform3D(1.0000013, 6.482005e-07, 0, -9.313226e-10, 1.0000005, 6.519258e-09, 0, -1.9324943e-07, 1.0000004, 0.0056129694, 0.126, -0.07021457)
shape = SubResource("CapsuleShape3D_o8nwy")

[node name="MultiplayerSynchronizer" type="MultiplayerSynchronizer" parent="ape_orangutan/Armature_Orang/Skeleton3D/Ragdoll/Physical Bone Shoulder_L" unique_id=166108573]
replication_config = SubResource("SceneReplicationConfig_eiabh")

[node name="Physical Bone Arm_Upper_L" type="PhysicalBone3D" parent="ape_orangutan/Armature_Orang/Skeleton3D/Ragdoll" unique_id=1001508409]
transform = Transform3D(-0.20414022, 0.14907792, 0.21213807, 0.24764745, 0.19207679, 0.1033308, -0.07679533, 0.22311944, -0.23069505, 0.071144305, 0.15110257, 0.088187926)
collision_layer = 4
collision_mask = 17
joint_type = 2
joint_offset = Transform3D(1, 0, 0, 0, 1, 0, 0, 0, 1, 0.0040732794, -0.0045625726, -0.007765063)
body_offset = Transform3D(0.99970585, -0.020284578, -0.013326168, 0.020233259, 0.9997877, -0.003940195, 0.013403237, 0.00366956, 0.99990344, -0.00426811, 0.0044485927, 0.0077264607)
friction = 0.4
bone_name = "Arm_Upper_L"
joint_constraints/swing_span = 49.999992
joint_constraints/twist_span = 30.0
joint_constraints/bias = 0.3
joint_constraints/softness = 0.8
joint_constraints/relaxation = 1.0

[node name="CollisionShape3D" type="CollisionShape3D" parent="ape_orangutan/Armature_Orang/Skeleton3D/Ragdoll/Physical Bone Arm_Upper_L" unique_id=424910768]
transform = Transform3D(0.9999997, 1.4882535e-06, 1.9669533e-06, -3.259629e-08, 0.99999535, 1.3299286e-06, 1.7881393e-07, -3.091991e-07, 0.9999914, 0.005, 0.216, -0.014)
shape = SubResource("CapsuleShape3D_1hjce")

[node name="MultiplayerSynchronizer" type="MultiplayerSynchronizer" parent="ape_orangutan/Armature_Orang/Skeleton3D/Ragdoll/Physical Bone Arm_Upper_L" unique_id=263835612]
replication_config = SubResource("SceneReplicationConfig_eiabh")

[node name="Physical Bone Arm_Lower_L" type="PhysicalBone3D" parent="ape_orangutan/Armature_Orang/Skeleton3D/Ragdoll" unique_id=991657022]
transform = Transform3D(0.17974335, -0.25954777, 0.0960589, 0.21227358, 0.055802077, -0.24642658, 0.17757323, 0.19601305, 0.19734903, 0.13720809, 0.23435882, 0.18497577)
collision_layer = 4
collision_mask = 17
joint_type = 3
joint_offset = Transform3D(1, 0, 0, 0, 1, 0, 0, 0, 1, -0.029216286, 0.013636587, -0.010573972)
body_offset = Transform3D(0.99979186, 0.014508992, -0.01436004, -0.01427713, 0.99976796, 0.016133428, 0.014590949, -0.015925407, 0.99976707, 0.02886051, -0.013879955, 0.011214972)
friction = 0.4
bone_name = "Arm_Lower_L"
joint_constraints/angular_limit_enabled = true
joint_constraints/angular_limit_upper = 99.999985
joint_constraints/angular_limit_lower = -99.999985
joint_constraints/angular_limit_bias = 0.3
joint_constraints/angular_limit_softness = 0.9
joint_constraints/angular_limit_relaxation = 1.0

[node name="CollisionShape3D" type="CollisionShape3D" parent="ape_orangutan/Armature_Orang/Skeleton3D/Ragdoll/Physical Bone Arm_Lower_L" unique_id=1776166021]
transform = Transform3D(0.9925505, -0.0112032555, -0.12131918, 0.008724622, 0.9997458, -0.020942487, 0.12152221, 0.019728009, 0.9923958, 0, 0.232, -0.021)
shape = SubResource("CapsuleShape3D_opfua")

[node name="MultiplayerSynchronizer" type="MultiplayerSynchronizer" parent="ape_orangutan/Armature_Orang/Skeleton3D/Ragdoll/Physical Bone Arm_Lower_L" unique_id=430925426]
replication_config = SubResource("SceneReplicationConfig_eiabh")

[node name="Physical Bone Hand_L" type="PhysicalBone3D" parent="ape_orangutan/Armature_Orang/Skeleton3D/Ragdoll" unique_id=1975766003]
transform = Transform3D(0.24125905, 0.10486736, 0.19924085, 0.1096599, 0.20031555, -0.23821923, -0.19664383, 0.24036752, 0.11160057, 0.037497755, 0.25540766, 0.2565195)
collision_layer = 4
collision_mask = 17
joint_type = 3
joint_offset = Transform3D(1, 0, 0, 0, 1, 0, 0, 0, 1, -0.007201277, -0.026605995, 0.00040445168)
body_offset = Transform3D(0.999737, 0.013547778, -0.018495947, -0.013547987, 0.9999082, 0.00010333955, 0.018495664, 0.00014744699, 0.99982923, 0.0075673163, 0.026505947, -0.00026726723)
friction = 0.4
bone_name = "Hand_L"
joint_constraints/angular_limit_enabled = true
joint_constraints/angular_limit_upper = 45.0
joint_constraints/angular_limit_lower = -45.0
joint_constraints/angular_limit_bias = 0.3
joint_constraints/angular_limit_softness = 0.9
joint_constraints/angular_limit_relaxation = 1.0

[node name="CollisionShape3D" type="CollisionShape3D" parent="ape_orangutan/Armature_Orang/Skeleton3D/Ragdoll/Physical Bone Hand_L" unique_id=1977704871]
transform = Transform3D(0.9968977, 0.0677148, -0.03972742, -0.076128095, 0.9574342, -0.27840218, 0.019184709, 0.28056636, 0.9596361, -0.0068920404, 0.07364557, 0.02949211)
shape = SubResource("CapsuleShape3D_ixha7")

[node name="MultiplayerSynchronizer" type="MultiplayerSynchronizer" parent="ape_orangutan/Armature_Orang/Skeleton3D/Ragdoll/Physical Bone Hand_L" unique_id=292504141]
replication_config = SubResource("SceneReplicationConfig_eiabh")

[node name="Physical Bone Shoulder_R" type="PhysicalBone3D" parent="ape_orangutan/Armature_Orang/Skeleton3D/Ragdoll" unique_id=1152930989]
transform = Transform3D(-0.096384704, -0.308668, -0.06583364, -0.08465639, -0.041028056, 0.31630683, -0.30404487, 0.10927388, -0.06720072, -0.0016922018, 0.16694133, 0.06007351)
collision_layer = 4
collision_mask = 17
joint_type = 2
joint_offset = Transform3D(1, 0, 0, 0, 1, 0, 0, 0, 1, 0.0028944467, -0.0017647693, -0.021343233)
body_offset = Transform3D(0.9999416, -0.010807425, 0.00019802153, 0.010803044, 0.99982274, 0.01543998, -0.00036472082, -0.0154369995, 0.99988085, -0.002909124, 0.0020627268, 0.021314502)
friction = 0.4
bone_name = "Shoulder_R"
joint_constraints/swing_span = 39.999985
joint_constraints/twist_span = 9.999996
joint_constraints/bias = 0.3
joint_constraints/softness = 0.8
joint_constraints/relaxation = 1.0

[node name="CollisionShape3D" type="CollisionShape3D" parent="ape_orangutan/Armature_Orang/Skeleton3D/Ragdoll/Physical Bone Shoulder_R" unique_id=291864541]
transform = Transform3D(1.0000013, 6.482005e-07, 0, -9.313226e-10, 1.0000005, 6.519258e-09, 0, -1.9324943e-07, 1.0000004, 0.0056129694, 0.126, -0.07021457)
shape = SubResource("CapsuleShape3D_o8nwy")

[node name="MultiplayerSynchronizer" type="MultiplayerSynchronizer" parent="ape_orangutan/Armature_Orang/Skeleton3D/Ragdoll/Physical Bone Shoulder_R" unique_id=89765693]
replication_config = SubResource("SceneReplicationConfig_eiabh")

[node name="Physical Bone Arm_Upper_R" type="PhysicalBone3D" parent="ape_orangutan/Armature_Orang/Skeleton3D/Ragdoll" unique_id=1441450116]
transform = Transform3D(-0.22325867, -0.12675093, -0.20733976, -0.22867975, 0.20484649, 0.12101034, 0.082226194, 0.22554852, -0.22642158, -0.06919586, 0.15973769, 0.086988896)
collision_layer = 4
collision_mask = 17
joint_type = 2
joint_offset = Transform3D(1, 0, 0, 0, 1, 0, 0, 0, 1, 0.01617998, -0.020410148, -0.001449768)
body_offset = Transform3D(0.9999355, -0.0067081153, -0.009180784, 0.006750524, 0.999967, 0.0045739114, 0.009149805, -0.0046354234, 0.99994767, -0.016329162, 0.020306885, 0.0012070388)
friction = 0.4
bone_name = "Arm_Upper_R"
joint_constraints/swing_span = 49.999992
joint_constraints/twist_span = 30.0
joint_constraints/bias = 0.3
joint_constraints/softness = 0.8
joint_constraints/relaxation = 1.0

[node name="CollisionShape3D" type="CollisionShape3D" parent="ape_orangutan/Armature_Orang/Skeleton3D/Ragdoll/Physical Bone Arm_Upper_R" unique_id=96818128]
transform = Transform3D(0.9999997, 1.4882535e-06, 1.9669533e-06, -3.259629e-08, 0.99999535, 1.3299286e-06, 1.7881393e-07, -3.091991e-07, 0.9999914, 0.005, 0.216, -0.014)
shape = SubResource("CapsuleShape3D_1hjce")

[node name="MultiplayerSynchronizer" type="MultiplayerSynchronizer" parent="ape_orangutan/Armature_Orang/Skeleton3D/Ragdoll/Physical Bone Arm_Upper_R" unique_id=1377414098]
replication_config = SubResource("SceneReplicationConfig_eiabh")

[node name="Physical Bone Arm_Lower_R" type="PhysicalBone3D" parent="ape_orangutan/Armature_Orang/Skeleton3D/Ragdoll" unique_id=1386195001]
transform = Transform3D(0.16214246, 0.2021325, -0.20433378, -0.26563993, 0.015804715, -0.19515549, -0.10975099, 0.26037025, 0.17047599, -0.12470116, 0.24507031, 0.16584007)
collision_layer = 4
collision_mask = 17
joint_type = 3
joint_offset = Transform3D(1, 0, 0, 0, 1, 0, 0, 0, 1, 0.013877444, 0.027767103, 0.031140374)
body_offset = Transform3D(0.9999091, 0.012846589, -0.004152298, -0.012732297, 0.9995696, 0.026435047, 0.0044899136, -0.026379585, 0.99964225, -0.014103591, -0.028401658, -0.030459061)
friction = 0.4
bone_name = "Arm_Lower_R"
joint_constraints/angular_limit_enabled = true
joint_constraints/angular_limit_upper = 99.999985
joint_constraints/angular_limit_lower = -99.999985
joint_constraints/angular_limit_bias = 0.3
joint_constraints/angular_limit_softness = 0.9
joint_constraints/angular_limit_relaxation = 1.0

[node name="CollisionShape3D" type="CollisionShape3D" parent="ape_orangutan/Armature_Orang/Skeleton3D/Ragdoll/Physical Bone Arm_Lower_R" unique_id=1372591892]
transform = Transform3D(0.9925501, -0.011203334, -0.12131892, 0.008724712, 0.9997459, -0.020942673, 0.12152193, 0.019728184, 0.99239516, 0.011639893, 0.20806396, -0.032878965)
shape = SubResource("CapsuleShape3D_opfua")

[node name="MultiplayerSynchronizer" type="MultiplayerSynchronizer" parent="ape_orangutan/Armature_Orang/Skeleton3D/Ragdoll/Physical Bone Arm_Lower_R" unique_id=692203366]
replication_config = SubResource("SceneReplicationConfig_eiabh")

[node name="Physical Bone Hand_R" type="PhysicalBone3D" parent="ape_orangutan/Armature_Orang/Skeleton3D/Ragdoll" unique_id=1094305561]
transform = Transform3D(0.104606114, -0.064501084, -0.30626324, -0.1321385, 0.28362402, -0.104865834, 0.2837199, 0.15587509, 0.064077966, -0.051047806, 0.25242668, 0.279273)
collision_layer = 4
collision_mask = 17
joint_type = 3
joint_offset = Transform3D(1, 0, 0, 0, 1, 0, 0, 0, 1, -0.0032125304, -0.03783736, 0.012356302)
body_offset = Transform3D(0.9999174, 0.009781957, 0.008369356, -0.009737849, 0.99993885, -0.0052967593, -0.008420736, 0.005215138, 0.99995124, 0.003478974, 0.037869215, -0.012185425)
friction = 0.4
bone_name = "Hand_R"
joint_constraints/angular_limit_enabled = true
joint_constraints/angular_limit_upper = 45.0
joint_constraints/angular_limit_lower = -45.0
joint_constraints/angular_limit_bias = 0.3
joint_constraints/angular_limit_softness = 0.9
joint_constraints/angular_limit_relaxation = 1.0

[node name="CollisionShape3D" type="CollisionShape3D" parent="ape_orangutan/Armature_Orang/Skeleton3D/Ragdoll/Physical Bone Hand_R" unique_id=725425834]
transform = Transform3D(0.9969834, 0.0671664, -0.038518496, -0.07530436, 0.95683867, -0.28066516, 0.0180047, 0.28272247, 0.9590268, 0, 0.105, 0.029)
shape = SubResource("CapsuleShape3D_ixha7")

[node name="MultiplayerSynchronizer" type="MultiplayerSynchronizer" parent="ape_orangutan/Armature_Orang/Skeleton3D/Ragdoll/Physical Bone Hand_R" unique_id=259274323]
