[gd_scene format=3 uid="uid://ve8nce537602"]

[ext_resource type="Script" uid="uid://lgmqlkuewowp" path="res://ape/scripts/ape_body.gd" id="1_xsmid"]
[ext_resource type="PackedScene" uid="uid://cubf81kdaddng" path="res://ape/orangutan/ape_orangutan.blend" id="2_dg7gw"]
[ext_resource type="Script" uid="uid://bb6okqe1l22n5" path="res://ape/scripts/ragdoll.gd" id="3_nf1pf"]
[ext_resource type="Script" uid="uid://qqt81cqdd6n8" path="res://ape/scripts/rigid_body_hitbox.gd" id="4_n1hoy"]
[ext_resource type="Script" uid="uid://c5ogdg5hcnibf" path="res://ape/scripts/camera_pivot.gd" id="5_qa2p8"]
[ext_resource type="Script" uid="uid://4p57jdyc06ob" path="res://ape/scripts/hand_ray_cast.gd" id="6_gh7jo"]
[ext_resource type="Script" uid="uid://dr0wqty80sjn7" path="res://ape/scripts/ape_input.gd" id="7_qifcs"]
[ext_resource type="Script" uid="uid://dnm8oseo2h6ro" path="res://ape/scripts/player_state.gd" id="8_lk782"]
[ext_resource type="Script" uid="uid://trfwgwd6pb83" path="res://ape/scripts/grabbo.gd" id="9_o015y"]
[ext_resource type="Script" uid="uid://c5gwdr6pcl066" path="res://ape/scripts/authority_manager.gd" id="10_m4k8k"]
[ext_resource type="Script" uid="uid://bvw7dpc6a2dwl" path="res://ape/scripts/animation_tree.gd" id="11_dg7gw"]

[sub_resource type="CapsuleShape3D" id="CapsuleShape3D_t2650"]
radius = 0.49902344
height = 0.9980469

[sub_resource type="JointLimitationCone3D" id="JointLimitationCone3D_vurlm"]
angle = 1.2356931

[sub_resource type="JointLimitationCone3D" id="JointLimitationCone3D_pb1wn"]
angle = 2.9761355

[sub_resource type="JointLimitationCone3D" id="JointLimitationCone3D_yop2s"]
angle = 3.9091885

[sub_resource type="CapsuleShape3D" id="CapsuleShape3D_wppca"]
radius = 0.24804688
height = 0.49609375

[sub_resource type="CylinderShape3D" id="CylinderShape3D_n5wll"]
height = 0.79833984
radius = 0.29736328

[sub_resource type="CapsuleShape3D" id="CapsuleShape3D_54pyi"]
radius = 0.2421875
height = 0.61431885

[sub_resource type="CapsuleShape3D" id="CapsuleShape3D_n5wll"]
radius = 0.14389038
height = 0.28778076

[sub_resource type="CapsuleShape3D" id="CapsuleShape3D_pe46d"]
radius = 0.17697144
height = 0.35394287

[sub_resource type="CapsuleShape3D" id="CapsuleShape3D_vurlm"]
radius = 0.18408203
height = 0.41308594

[sub_resource type="CapsuleShape3D" id="CapsuleShape3D_pb1wn"]
radius = 0.091
height = 0.508448

[sub_resource type="CapsuleShape3D" id="CapsuleShape3D_c5vop"]
radius = 0.064
height = 0.3959038

[sub_resource type="CapsuleShape3D" id="CapsuleShape3D_yop2s"]
radius = 0.07
height = 0.14

[sub_resource type="CapsuleShape3D" id="CapsuleShape3D_ah3bo"]
radius = 0.093
height = 0.413

[sub_resource type="CapsuleShape3D" id="CapsuleShape3D_cg0of"]
radius = 0.064
height = 0.32408106

[sub_resource type="CapsuleShape3D" id="CapsuleShape3D_6yin8"]
radius = 0.075
height = 0.25

[sub_resource type="SceneReplicationConfig" id="SceneReplicationConfig_wppca"]
properties/0/path = NodePath(".:transform")
properties/0/spawn = true
properties/0/replication_mode = 1
properties/1/path = NodePath(".:velocity")
properties/1/spawn = true
properties/1/replication_mode = 1
properties/2/path = NodePath("ape:transform")
properties/2/spawn = true
properties/2/replication_mode = 1
properties/3/path = NodePath("PlayerState:current_state")
properties/3/spawn = true
properties/3/replication_mode = 1
properties/4/path = NodePath("LookPivot:rotation")
properties/4/spawn = true
properties/4/replication_mode = 1

[sub_resource type="AnimationNodeAnimation" id="AnimationNodeAnimation_dg7gw"]
animation = &"Orang_Walk"

[sub_resource type="AnimationNodeAnimation" id="AnimationNodeAnimation_saxvm"]
animation = &"Orang_crouch"

[sub_resource type="AnimationNodeAnimation" id="AnimationNodeAnimation_g16rh"]
animation = &"Orang_idle"

[sub_resource type="AnimationNodeStateMachineTransition" id="AnimationNodeStateMachineTransition_e25ti"]
advance_mode = 2

[sub_resource type="AnimationNodeStateMachineTransition" id="AnimationNodeStateMachineTransition_6fun5"]
xfade_time = 0.2
advance_mode = 2
advance_expression = "ape.velocity.length()>0"

[sub_resource type="Curve" id="Curve_dg7gw"]
_data = [Vector2(0, 0), 0.0, 0.0, 0, 0, Vector2(0.5047259, 0.7999315), 1.1129055, 1.1129055, 0, 0, Vector2(1, 1), 0.0, 0.0, 0, 0]
point_count = 3

[sub_resource type="AnimationNodeStateMachineTransition" id="AnimationNodeStateMachineTransition_pv3yb"]
xfade_time = 0.1
xfade_curve = SubResource("Curve_dg7gw")
advance_mode = 2
advance_expression = "!ape.is_on_floor()"

[sub_resource type="AnimationNodeStateMachineTransition" id="AnimationNodeStateMachineTransition_irwbq"]
xfade_time = 0.1
advance_mode = 2
advance_expression = "ape.is_on_floor()"

[sub_resource type="AnimationNodeStateMachineTransition" id="AnimationNodeStateMachineTransition_dg7gw"]
xfade_time = 0.25
advance_mode = 2
advance_expression = "ape.velocity.length()==0"

[sub_resource type="AnimationNodeStateMachineTransition" id="AnimationNodeStateMachineTransition_eiabh"]
xfade_time = 0.1
xfade_curve = SubResource("Curve_dg7gw")
advance_mode = 2
advance_expression = "!ape.is_on_floor()"

[sub_resource type="AnimationNodeStateMachine" id="AnimationNodeStateMachine_b4p6a"]
states/Orang_Walk/node = SubResource("AnimationNodeAnimation_dg7gw")
states/Orang_Walk/position = Vector2(254, 199)
states/Orang_crouch/node = SubResource("AnimationNodeAnimation_saxvm")
states/Orang_crouch/position = Vector2(398, 29)
states/Orang_idle/node = SubResource("AnimationNodeAnimation_g16rh")
states/Orang_idle/position = Vector2(240, 100)
states/Start/position = Vector2(86, 94)
transitions = ["Start", "Orang_idle", SubResource("AnimationNodeStateMachineTransition_e25ti"), "Orang_idle", "Orang_Walk", SubResource("AnimationNodeStateMachineTransition_6fun5"), "Orang_idle", "Orang_crouch", SubResource("AnimationNodeStateMachineTransition_pv3yb"), "Orang_crouch", "Orang_idle", SubResource("AnimationNodeStateMachineTransition_irwbq"), "Orang_Walk", "Orang_idle", SubResource("AnimationNodeStateMachineTransition_dg7gw"), "Orang_Walk", "Orang_crouch", SubResource("AnimationNodeStateMachineTransition_eiabh")]

[sub_resource type="AnimationNodeBlendTree" id="AnimationNodeBlendTree_l1uv5"]
graph_offset = Vector2(-114.6264, -14.308838)
nodes/StateMachine/node = SubResource("AnimationNodeStateMachine_b4p6a")
nodes/StateMachine/position = Vector2(-40, 140)
node_connections = [&"output", 0, &"StateMachine"]

[node name="Player" type="CharacterBody3D" unique_id=1802699836 node_paths=PackedStringArray("input", "camera", "look", "model", "state")]
collision_layer = 2
collision_mask = 3
script = ExtResource("1_xsmid")
speed = 3.0
jump_boost = 1.0
ground_rotation_speed = 5.0
input = NodePath("Input")
camera = NodePath("LookPivot/Camera3D")
look = NodePath("LookPivot")
model = NodePath("ape_orangutan")
state = NodePath("PlayerState")

[node name="CollisionShape3D" type="CollisionShape3D" parent="." unique_id=971283472]
transform = Transform3D(-4.371139e-08, 1, 0, -1, -4.371139e-08, 0, 0, 0, 1, 0, 0.47509766, -0.11836536)
visible = false
shape = SubResource("CapsuleShape3D_t2650")

[node name="ape_orangutan" parent="." unique_id=1487470283 instance=ExtResource("2_dg7gw")]
transform = Transform3D(-1, 0, -8.742278e-08, 0, 1, 0, 8.742278e-08, 0, -1, 0, 0, 0)

[node name="Skeleton3D" parent="ape_orangutan/Armature_Orang" parent_id_path=PackedInt32Array(1487470283, 637657304) index="0" unique_id=1638835662]
bones/1/position = Vector3(4.0300865e-14, 1.9426478, 0.3974252)
bones/2/position = Vector3(-0.3603421, 0.12570447, 0.53421086)
bones/2/rotation = Quaternion(4.3697188e-08, -0.02548535, 0.9996752, -1.1139992e-09)
bones/3/position = Vector3(-0.3009643, 0.47386995, 0.111370206)
bones/3/rotation = Quaternion(-0.19421354, 0.6900166, -0.69268316, 0.0796758)
bones/4/position = Vector3(-0.06873547, 0.30028573, 0.42565292)
bones/5/position = Vector3(-0.14016512, -0.05082156, 0.061301384)
bones/5/rotation = Quaternion(0.11915757, -0.6993286, 0.28120747, 0.64626884)
bones/6/position = Vector3(0.36034217, 0.12570447, 0.5342109)
bones/6/rotation = Quaternion(4.3697188e-08, -0.02548535, 0.9996752, -1.1139992e-09)
bones/7/position = Vector3(0.3009643, 0.47386995, 0.111370206)
bones/7/rotation = Quaternion(0.19421357, 0.6900166, -0.6926832, -0.07967582)
bones/8/position = Vector3(0.06873547, 0.30028573, 0.42565292)
bones/9/position = Vector3(0.14016512, -0.05082156, 0.061301384)
bones/9/rotation = Quaternion(0.11915757, 0.6993286, -0.28120747, 0.64626884)
bones/10/position = Vector3(6.651855e-05, -0.13745527, 0.27577022)
bones/10/rotation = Quaternion(1.336211e-07, 0.95920265, 0.2827196, 5.3545256e-07)
bones/11/rotation = Quaternion(0.18424888, 8.169203e-08, -1.6038918e-07, 0.9828797)
bones/12/rotation = Quaternion(0.2718165, 1.4767845e-06, 2.0946821e-07, 0.9623492)
bones/13/rotation = Quaternion(-0.16196868, -3.4857144e-06, -2.2846902e-05, 0.9867959)
bones/16/rotation = Quaternion(0.76794046, 0.6303643, 0.087984994, 0.07188317)
bones/17/rotation = Quaternion(-0.1267288, -0.45163402, 0.10391929, 0.8770219)
bones/18/rotation = Quaternion(-0.59026045, -0.20018464, 0.64718854, 0.4389371)
bones/19/rotation = Quaternion(0.3706432, -0.1661209, -0.55626374, 0.72498155)
bones/20/rotation = Quaternion(0.61488503, 0.08976859, -0.15805171, 0.7673837)
bones/21/rotation = Quaternion(0.8402194, 0.015071286, -0.034139547, 0.540961)
bones/22/rotation = Quaternion(0.5259907, -0.28141648, -0.06729437, 0.7997562)
bones/24/rotation = Quaternion(0.62400496, -0.08488151, -0.223102, 0.74406886)
bones/25/rotation = Quaternion(0.73857147, 0.110073835, -0.29959065, 0.5938361)
bones/26/rotation = Quaternion(0.7679551, -0.6303823, -0.0878556, 0.071725294)
bones/27/rotation = Quaternion(-0.1268701, 0.4516437, -0.104115255, 0.8769732)
bones/28/rotation = Quaternion(-0.5902754, 0.20016836, -0.6472042, 0.4389012)
bones/29/rotation = Quaternion(0.37077603, 0.16522335, 0.5563677, 0.72503895)
bones/30/rotation = Quaternion(0.614885, -0.08976861, 0.15805167, 0.7673837)
bones/31/rotation = Quaternion(0.8402194, -0.015071329, 0.03413956, 0.54096097)
bones/32/position = Vector3(0.018465336, 0.105905615, 0.014835339)
bones/32/rotation = Quaternion(0.62400496, 0.084881485, 0.22310194, 0.7440689)
bones/33/rotation = Quaternion(0.73857135, -0.110073835, 0.2995907, 0.59383625)
bones/34/rotation = Quaternion(0.52599066, 0.28141657, 0.06729435, 0.7997563)
bones/36/rotation = Quaternion(0.65536684, 0.72970366, 0.09139436, 0.17226127)
bones/37/rotation = Quaternion(-0.19507192, -0.6665669, 0.22908989, 0.68202156)
bones/38/rotation = Quaternion(0.71929103, -0.017833209, 0.6404052, 0.26867017)
bones/39/rotation = Quaternion(-0.36000142, 0.14971301, -0.9207394, -0.014963178)
bones/40/rotation = Quaternion(-0.034143746, 0.88755524, -0.06985925, 0.45409206)
bones/41/position = Vector3(0.039142445, 0.028837094, 0.03866555)
bones/41/rotation = Quaternion(-0.15224452, -0.8453407, 0.037964676, 0.5106657)
bones/42/rotation = Quaternion(0.00847299, 0.8855601, -0.0923494, -0.4551737)
bones/43/position = Vector3(-0.043649405, -0.024467414, -0.058716673)
bones/43/rotation = Quaternion(0.016035995, 0.86718106, -0.48570782, -0.10875581)
bones/44/rotation = Quaternion(-0.03783698, -0.4003064, 0.03324155, 0.91499627)
bones/45/rotation = Quaternion(-0.6553667, 0.7297035, 0.09139517, -0.17226207)
bones/46/rotation = Quaternion(-0.19536042, 0.66645265, -0.22935149, 0.68196267)
bones/47/rotation = Quaternion(0.7193019, 0.017829979, -0.640415, 0.2686177)
bones/48/rotation = Quaternion(-0.35989982, -0.1493083, 0.9208427, -0.015096009)
bones/49/rotation = Quaternion(0.034143798, 0.88755524, -0.069859274, -0.45409206)
bones/50/position = Vector3(-0.03914247, 0.028837115, 0.03866558)
bones/50/rotation = Quaternion(-0.15224443, 0.8453408, -0.037964568, 0.5106656)
bones/51/rotation = Quaternion(-0.008472929, 0.8855601, -0.09234924, 0.45517376)
bones/52/position = Vector3(0.043649398, -0.024467422, -0.05871666)
bones/52/rotation = Quaternion(-0.016036, 0.8671811, -0.48570767, 0.10875581)
bones/53/rotation = Quaternion(-0.037836928, 0.4003064, -0.03324153, 0.91499627)

[node name="Head" type="BoneAttachment3D" parent="ape_orangutan/Armature_Orang/Skeleton3D" index="1" unique_id=1092656707]
transform = Transform3D(0.9999999, 5.1180083e-05, 5.4584134e-06, -3.5518588e-06, 0.17441559, -0.98467183, -5.134764e-05, 0.98467195, 0.1744153, -6.213475e-05, 0.4479499, 0.34750676)
bone_name = "Head"
bone_idx = 13

[node name="Hand_R" type="BoneAttachment3D" parent="ape_orangutan/Armature_Orang/Skeleton3D" index="2" unique_id=1106184745]
transform = Transform3D(0.96881527, 0.18928802, 0.15989369, 0.15924898, 0.018711165, -0.987061, -0.18983036, 0.98174316, -0.012016535, -0.10424568, 0.4097182, 0.99546826)
bone_name = "Hand_R"
bone_idx = 29

[node name="HoldingSpaceRight" type="Marker3D" parent="ape_orangutan/Armature_Orang/Skeleton3D/Hand_R" unique_id=1326193733]
transform = Transform3D(0.99999946, -1.0058284e-06, -1.7881393e-07, 9.797513e-07, 0.9999993, 1.1324883e-06, 1.6391277e-07, -1.4007092e-06, 0.9999991, -0.03665997, 0.08608669, 0.0808467)

[node name="Spine" type="BoneAttachment3D" parent="ape_orangutan/Armature_Orang/Skeleton3D" index="3" unique_id=581318483]
transform = Transform3D(0.9999999, 8.786195e-06, -9.81299e-07, -2.714941e-06, 0.19956079, -0.97988534, -8.413639e-06, 0.9798856, 0.19956055, -6.650426e-05, 0.4427142, -0.017710447)
bone_name = "Spine"
bone_idx = 11

[node name="RayCast3D" type="RayCast3D" parent="ape_orangutan/Armature_Orang/Skeleton3D/Spine" unique_id=639199195 node_paths=PackedStringArray("target_child", "ignore_these")]
transform = Transform3D(-1, -2.5189154e-06, 8.557606e-06, -8.854693e-06, 0.18762134, -0.98224175, 8.6882204e-07, -0.982241, -0.18762168, -0.32130536, 0.21029215, 0.012489617)
target_position = Vector3(0, 0, -1.605)
collision_mask = 17
debug_shape_custom_color = Color(1, 0.3447545, 0.55754477, 1)
debug_shape_thickness = 5
script = ExtResource("6_gh7jo")
target_child = NodePath("../../../../../LookPivot/HandTargetRight")
ignore_these = [NodePath("../../../../..")]

[node name="SpineLookAt" type="LookAtModifier3D" parent="ape_orangutan/Armature_Orang/Skeleton3D" index="4" unique_id=360982078]
transform = Transform3D(3.030303, 0, 0, 0, 3.030303, 0, 0, 0, 3.030303, 0, 0, 0)
influence = 0.25
target_node = NodePath("../../../../LookPivot/LookAtMe")
bone_name = "Spine"
bone = 11
forward_axis = 2
primary_rotation_axis = 2
relative = true
duration = 0.15
transition_type = 1
ease_type = 2

[node name="NeckLookAt" type="LookAtModifier3D" parent="ape_orangutan/Armature_Orang/Skeleton3D" index="5" unique_id=415999757]
transform = Transform3D(3.030303, 0, 0, 0, 3.030303, 0, 0, 0, 3.030303, 0, 0, 0)
influence = 0.25
target_node = NodePath("../../../../LookPivot/LookAtMe")
bone_name = "Neck"
bone = 12
forward_axis = 2
primary_rotation_axis = 0
relative = true
duration = 0.15
transition_type = 1
ease_type = 2

[node name="HeadLookAt" type="LookAtModifier3D" parent="ape_orangutan/Armature_Orang/Skeleton3D" index="6" unique_id=1610885507]
transform = Transform3D(3.030303, 0, 0, 0, 3.030303, 0, 0, 0, 3.030303, 0, 0, 0)
influence = 0.5
target_node = NodePath("../../../../LookPivot/LookAtMe")
bone_name = "Head"
bone = 13
forward_axis = 2
primary_rotation_axis = 2
relative = true
duration = 0.15
transition_type = 1
ease_type = 2

[node name="ArmRightIK" type="JacobianIK3D" parent="ape_orangutan/Armature_Orang/Skeleton3D" index="7" unique_id=504262015]
angular_delta_limit = 0.08726646259971647
setting_count = 1
settings/0/target_node = NodePath("../../../../LookPivot/HandTargetRight")
settings/0/root_bone_name = "Shoulder_R"
settings/0/root_bone = 26
settings/0/end_bone_name = "Finger_R"
settings/0/end_bone = 30
settings/0/extend_end_bone = false
settings/0/joint_count = 5
settings/0/joints/0/rotation_axis = 3
settings/0/joints/0/limitation = SubResource("JointLimitationCone3D_vurlm")
settings/0/joints/0/limitation/right_axis = 2
settings/0/joints/0/limitation/rotation_offset = Quaternion(0.165, -1.095, -0.035, 1.31)
settings/0/joints/1/rotation_axis = 3
settings/0/joints/1/limitation = SubResource("JointLimitationCone3D_pb1wn")
settings/0/joints/1/limitation/right_axis = 0
settings/0/joints/1/limitation/rotation_offset = Quaternion(0, 0.48, -0.095, -0.41)
settings/0/joints/2/rotation_axis = 3
settings/0/joints/2/limitation = SubResource("JointLimitationCone3D_yop2s")
settings/0/joints/2/limitation/right_axis = 0
settings/0/joints/2/limitation/rotation_offset = Quaternion(-0.84, -0.105, -0.225, 0.95)
settings/0/joints/3/rotation_axis = 3
settings/0/joints/3/limitation = null
settings/0/joints/4/rotation_axis = 3
settings/0/joints/4/limitation = null

[node name="Ragdoll" type="PhysicalBoneSimulator3D" parent="ape_orangutan/Armature_Orang/Skeleton3D" index="8" unique_id=589803041 node_paths=PackedStringArray("input", "state", "ape", "look_pivot")]
transform = Transform3D(3.030303, 0, 0, 0, 3.030303, 0, 0, 0, 3.030303, 0, 0, 0)
influence = 0.0
script = ExtResource("3_nf1pf")
input = NodePath("../../../../Input")
state = NodePath("../../../../PlayerState")
ape = NodePath("../../../..")
look_pivot = NodePath("../../../../LookPivot")
get_up_speed = 2.5

[node name="Physical Bone Pelvis" type="PhysicalBone3D" parent="ape_orangutan/Armature_Orang/Skeleton3D/Ragdoll" unique_id=406821728]
transform = Transform3D(0.33, 6.5286123e-09, -3.7428327e-07, -3.1798507e-07, 0.17899068, -0.27724063, 1.9752487e-07, 0.27724063, 0.17899069, -2.2093882e-05, 0.091902904, -0.09214192)
collision_layer = 4
joint_type = 2
joint_offset = Transform3D(1, 0, 0, 0, 1, 0, 0, 0, 1, 4.369666e-07, 0.0009666717, 0.0038658064)
body_offset = Transform3D(1.0000001, -2.6675849e-08, -3.142344e-08, 2.667673e-08, 0.9999999, 2.9951334e-05, 3.1422616e-08, -2.9951334e-05, 1.0000002, -4.368194e-07, -0.00096678734, -0.0038657784)
friction = 0.4
bounce = 0.2
bone_name = "Pelvis"
joint_constraints/swing_span = 9.999996
joint_constraints/twist_span = 180.0
joint_constraints/bias = 0.3
joint_constraints/softness = 0.8
joint_constraints/relaxation = 1.0

[node name="CollisionShape3D" type="CollisionShape3D" parent="ape_orangutan/Armature_Orang/Skeleton3D/Ragdoll/Physical Bone Pelvis" unique_id=1414895023]
transform = Transform3D(1, 1.7763568e-15, -7.1054274e-15, 0, 0, 1, 0, -1, 0, -1.5464547e-08, 0.1585498, 0.107316256)
shape = SubResource("CapsuleShape3D_wppca")

[node name="PushablePusher" type="Area3D" parent="ape_orangutan/Armature_Orang/Skeleton3D/Ragdoll/Physical Bone Pelvis" unique_id=1087675309 node_paths=PackedStringArray("ape", "state", "ragdoll")]
transform = Transform3D(1, 2.6310645e-06, 7.969869e-06, -7.973456e-06, 0.58685553, 0.80969155, -2.5543834e-06, -0.80969167, 0.5868559, -1.0043368e-06, -0.023659497, 0.62496156)
collision_layer = 0
collision_mask = 16
script = ExtResource("4_n1hoy")
ape = NodePath("../../../../../..")
state = NodePath("../../../../../../PlayerState")
ragdoll = NodePath("../..")

[node name="CollisionShape3D" type="CollisionShape3D" parent="ape_orangutan/Armature_Orang/Skeleton3D/Ragdoll/Physical Bone Pelvis/PushablePusher" unique_id=2006120402]
transform = Transform3D(1, -8.242296e-13, -1.8189894e-11, -3.7800874e-12, 1.0000018, -3.7252903e-09, 9.094947e-13, -2.9802322e-08, 1.0000018, -4.2164174e-08, 0.6047479, 0.0020746924)
shape = SubResource("CylinderShape3D_n5wll")

[node name="Physical Bone Spine" type="PhysicalBone3D" parent="ape_orangutan/Armature_Orang/Skeleton3D/Ragdoll" unique_id=1598314396]
transform = Transform3D(0.33, 2.8458123e-06, -3.308627e-07, -8.921209e-07, 0.065855175, -0.3233622, -2.7225421e-06, 0.3233622, 0.065855175, -2.223876e-05, 0.14820258, -0.0058583696)
collision_layer = 4
joint_type = 2
joint_offset = Transform3D(1, 0, 0, 0, 1, 0, 0, 0, 1, 9.028358e-07, -0.0012327618, 0.006264506)
body_offset = Transform3D(1.0000001, -1.6251943e-07, -2.1319352e-08, 1.625258e-07, 0.99999994, 5.5134296e-07, 2.131776e-08, -3.5762787e-07, 1.0000002, -9.029027e-07, 0.0012327582, -0.006264508)
friction = 0.4
bounce = 0.2
bone_name = "Spine"
joint_constraints/swing_span = 4.999998
joint_constraints/twist_span = 39.999985
joint_constraints/bias = 0.3
joint_constraints/softness = 0.8
joint_constraints/relaxation = 1.0

[node name="CollisionShape3D" type="CollisionShape3D" parent="ape_orangutan/Armature_Orang/Skeleton3D/Ragdoll/Physical Bone Spine" unique_id=445052303]
transform = Transform3D(1, 3.5063195e-07, 2.3518237e-07, -4.016751e-07, 0.96167964, 0.2741776, -1.3003512e-07, -0.2741777, 0.9616792, -8.0137e-08, 0.076402396, 0.117420435)
shape = SubResource("CapsuleShape3D_54pyi")

[node name="Physical Bone Neck" type="PhysicalBone3D" parent="ape_orangutan/Armature_Orang/Skeleton3D/Ragdoll" unique_id=1219001923]
transform = Transform3D(0.33, 5.07862e-06, -1.026265e-06, 7.806505e-08, -0.07022986, -0.32244036, -5.1806846e-06, 0.32244036, -0.07022986, -2.1640688e-05, 0.16185972, 0.06114127)
collision_layer = 4
collision_mask = 17
joint_type = 2
joint_offset = Transform3D(1, 0, 0, 0, 1, 0, 0, 0, 1, 9.070479e-07, -0.0007136884, 0.0072010104)
body_offset = Transform3D(1.0000001, 1.2408964e-07, -6.220171e-08, -1.2414785e-07, 0.9999997, -0.0009905845, 6.207324e-08, 0.0009909123, 0.9999997, -9.0651156e-07, 0.0007208213, -0.0072003007)
friction = 0.4
bounce = 0.2
bone_name = "Neck"
joint_constraints/swing_span = 19.999992
joint_constraints/twist_span = 24.999996
joint_constraints/bias = 0.3
joint_constraints/softness = 0.8
joint_constraints/relaxation = 1.0

[node name="CollisionShape3D" type="CollisionShape3D" parent="ape_orangutan/Armature_Orang/Skeleton3D/Ragdoll/Physical Bone Neck" unique_id=465597284]
transform = Transform3D(1, 1.106147e-06, 2.768926e-07, -1.1006739e-06, 0.8516721, 0.524075, 3.1126189e-07, -0.524075, 0.8516723, 6.4844244e-08, 0.14075811, 0.053019404)
shape = SubResource("CapsuleShape3D_n5wll")

[node name="Physical Bone Head" type="PhysicalBone3D" parent="ape_orangutan/Armature_Orang/Skeleton3D/Ragdoll" unique_id=1121487032]
transform = Transform3D(0.33, 1.7685585e-05, 1.9133267e-06, -1.2006333e-06, 0.05755698, -0.32494184, -1.7748218e-05, 0.32494184, 0.057556983, -2.0828502e-05, 0.14998436, 0.1159545)
collision_layer = 4
collision_mask = 17
joint_type = 2
joint_offset = Transform3D(1, 0, 0, 0, 1, 0, 0, 0, 1, 1.2139062e-06, -0.0049532917, 0.00577271)
body_offset = Transform3D(1.0000001, 2.412573e-06, 3.3955712e-07, -2.4125802e-06, 1.0000004, -2.3841858e-07, -3.395735e-07, 5.364418e-07, 1.0000005, -1.2039163e-06, 0.004953295, -0.00577271)
friction = 0.4
bounce = 0.2
bone_name = "Head"
joint_constraints/swing_span = 24.999996
joint_constraints/twist_span = 19.999992
joint_constraints/bias = 0.3
joint_constraints/softness = 0.8
joint_constraints/relaxation = 1.0

[node name="CollisionShape3D" type="CollisionShape3D" parent="ape_orangutan/Armature_Orang/Skeleton3D/Ragdoll/Physical Bone Head" unique_id=600854772]
transform = Transform3D(0.99994695, -0.002134634, -0.010077274, 0.00027098507, 0.9834103, -0.18141994, 0.010297311, 0.1814082, 0.9833542, 9.1708825e-05, 0.111748844, 0.022595644)
shape = SubResource("CapsuleShape3D_pe46d")

[node name="Physical Bone Shoulder_L" type="PhysicalBone3D" parent="ape_orangutan/Armature_Orang/Skeleton3D/Ragdoll" unique_id=1011885616]
transform = Transform3D(0.06282969, 0.3153586, 0.07417137, 0.05010908, -0.08410419, 0.31514376, 0.32006484, -0.048738565, -0.0638987, -2.0026375e-05, 0.16189912, 0.061315894)
collision_layer = 4
collision_mask = 17
joint_type = 2
joint_offset = Transform3D(1, 0, 0, 0, 1, 0, 0, 0, 1, -0.0037401787, 0.0021885845, -0.0061549447)
body_offset = Transform3D(1, -0.0006391108, 0.00011380017, 0.0006393343, 0.9999998, -0.0010678545, -0.000113248825, 0.0010679364, 0.9999998, 0.0037422776, -0.0021927655, 0.006152183)
friction = 0.4
bounce = 0.2
bone_name = "Shoulder_L"
joint_constraints/swing_span = 39.999992
joint_constraints/twist_span = 9.999998
joint_constraints/bias = 0.3
joint_constraints/softness = 0.8
joint_constraints/relaxation = 1.0

[node name="CollisionShape3D" type="CollisionShape3D" parent="ape_orangutan/Armature_Orang/Skeleton3D/Ragdoll/Physical Bone Shoulder_L" unique_id=1065188310]
transform = Transform3D(1.0000013, 6.482005e-07, 0, -9.313226e-10, 1.0000005, 6.519258e-09, 0, -1.9324943e-07, 1.0000004, 0.0056129694, 0.126, -0.07021457)
shape = SubResource("CapsuleShape3D_vurlm")

[node name="Physical Bone Arm_Upper_L" type="PhysicalBone3D" parent="ape_orangutan/Armature_Orang/Skeleton3D/Ragdoll" unique_id=501162425]
transform = Transform3D(0.18879959, 0.2690854, 0.029116433, 0.24396938, -0.18456759, 0.12374879, 0.11719072, -0.04927334, -0.30452996, 0.070577465, 0.14265454, 0.05164958)
collision_layer = 4
collision_mask = 17
joint_type = 2
joint_offset = Transform3D(1, 0, 0, 0, 1, 0, 0, 0, 1, -0.006322678, 0.0053158277, 0.0037624429)
body_offset = Transform3D(0.9999505, -0.008466005, -0.00527966, 0.008449912, 0.99996006, -0.0030993521, 0.0053058267, 0.0030545592, 0.9999816, 0.0063872337, -0.0052505285, -0.0037450641)
friction = 0.4
bounce = 0.2
bone_name = "Arm_Upper_L"
joint_constraints/swing_span = 49.999992
joint_constraints/twist_span = 30.0
joint_constraints/bias = 0.3
joint_constraints/softness = 0.8
joint_constraints/relaxation = 1.0

[node name="CollisionShape3D" type="CollisionShape3D" parent="ape_orangutan/Armature_Orang/Skeleton3D/Ragdoll/Physical Bone Arm_Upper_L" unique_id=1140243226]
transform = Transform3D(0.9999997, 1.4882535e-06, 1.9669533e-06, -3.259629e-08, 0.99999535, 1.3299286e-06, 1.7881393e-07, -3.091991e-07, 0.9999914, 0.005, 0.216, -0.014)
shape = SubResource("CapsuleShape3D_pb1wn")

[node name="Physical Bone Arm_Lower_L" type="PhysicalBone3D" parent="ape_orangutan/Armature_Orang/Skeleton3D/Ragdoll" unique_id=1790107468]
transform = Transform3D(0.21695608, -0.2274527, -0.1004756, -0.20003179, -0.08043827, -0.2498339, 0.147707, 0.22515544, -0.19075556, 0.18433665, 0.066191144, 0.030609388)
collision_layer = 4
collision_mask = 17
joint_type = 3
joint_offset = Transform3D(1, 0, 0, 0, 1, 0, 0, 0, 1, -0.00264084, 0.0032688212, 0.0051140725)
body_offset = Transform3D(0.9999408, 0.010633975, -0.0025566816, -0.010614246, 0.99991393, 0.007788211, 0.0026393235, -0.007760465, 0.9999666, 0.0026189983, -0.0033363998, -0.005081564)
friction = 0.4
bounce = 0.2
bone_name = "Arm_Lower_L"
joint_constraints/angular_limit_enabled = true
joint_constraints/angular_limit_upper = 99.999985
joint_constraints/angular_limit_lower = -99.999985
joint_constraints/angular_limit_bias = 0.3
joint_constraints/angular_limit_softness = 0.9
joint_constraints/angular_limit_relaxation = 1.0

[node name="CollisionShape3D" type="CollisionShape3D" parent="ape_orangutan/Armature_Orang/Skeleton3D/Ragdoll/Physical Bone Arm_Lower_L" unique_id=271854951]
transform = Transform3D(0.9925505, -0.0112032555, -0.12131918, 0.008724622, 0.9997458, -0.020942487, 0.12152221, 0.019728009, 0.9923958, 0, 0.232, -0.021)
shape = SubResource("CapsuleShape3D_c5vop")

[node name="Physical Bone Hand_L" type="PhysicalBone3D" parent="ape_orangutan/Armature_Orang/Skeleton3D/Ragdoll" unique_id=711070125]
transform = Transform3D(0.29987603, 0.05276044, -0.1272427, 0.053663168, -0.3254967, -0.00849596, -0.12686461, -0.012971248, -0.30436346, 0.101614654, 0.036630657, 0.11041423)
collision_layer = 4
collision_mask = 17
joint_type = 3
joint_offset = Transform3D(1, 0, 0, 0, 1, 0, 0, 0, 1, -0.007411866, 0.00029124419, 0.0030750968)
body_offset = Transform3D(0.9999562, 0.0047937864, -0.008128971, -0.004797796, 0.9999887, -0.0005028993, 0.008126259, 0.0005416982, 0.9999669, 0.007435143, -0.0003252551, -0.0030149221)
friction = 0.4
bounce = 0.2
bone_name = "Hand_L"
joint_constraints/angular_limit_enabled = true
joint_constraints/angular_limit_upper = 45.0
joint_constraints/angular_limit_lower = -45.0
joint_constraints/angular_limit_bias = 0.3
joint_constraints/angular_limit_softness = 0.9
joint_constraints/angular_limit_relaxation = 1.0

[node name="CollisionShape3D" type="CollisionShape3D" parent="ape_orangutan/Armature_Orang/Skeleton3D/Ragdoll/Physical Bone Hand_L" unique_id=33125335]
transform = Transform3D(0.9968977, 0.0677148, -0.03972742, -0.076128095, 0.9574342, -0.27840218, 0.019184709, 0.28056636, 0.9596361, -0.0068920404, 0.07364557, 0.02949211)
shape = SubResource("CapsuleShape3D_yop2s")

[node name="Physical Bone Shoulder_R" type="PhysicalBone3D" parent="ape_orangutan/Armature_Orang/Skeleton3D/Ragdoll" unique_id=1168480884]
transform = Transform3D(-0.097292185, -0.281425, -0.14224696, -0.10272566, -0.11245633, 0.29274738, -0.2981303, 0.1305892, -0.054449845, -1.6882137e-05, 0.16182616, 0.060966574)
collision_layer = 4
collision_mask = 17
joint_type = 2
joint_offset = Transform3D(1, 0, 0, 0, 1, 0, 0, 0, 1, 0.0036515456, 0.0016499547, -0.0057304217)
body_offset = Transform3D(0.99998397, -0.00565964, 4.284084e-05, 0.005659342, 0.9999732, 0.004742883, -6.954372e-05, -0.0047425404, 0.999989, -0.0036419034, -0.0016433969, 0.005738437)
friction = 0.4
bounce = 0.2
bone_name = "Shoulder_R"
joint_constraints/swing_span = 39.999992
joint_constraints/twist_span = 9.999998
joint_constraints/bias = 0.3
joint_constraints/softness = 0.8
joint_constraints/relaxation = 1.0

[node name="CollisionShape3D" type="CollisionShape3D" parent="ape_orangutan/Armature_Orang/Skeleton3D/Ragdoll/Physical Bone Shoulder_R" unique_id=324984087]
transform = Transform3D(1.0000013, 6.482005e-07, 0, -9.313226e-10, 1.0000005, 6.519258e-09, 0, -1.9324943e-07, 1.0000004, 0.0056129694, 0.126, -0.07021457)
shape = SubResource("CapsuleShape3D_vurlm")

[node name="Physical Bone Arm_Upper_R" type="PhysicalBone3D" parent="ape_orangutan/Armature_Orang/Skeleton3D/Ragdoll" unique_id=1907136194]
transform = Transform3D(0.04828322, -0.055800904, -0.32164422, -0.32504553, -0.03833179, -0.042143755, -0.030234966, 0.32298136, -0.060571555, -0.06429802, 0.13655204, 0.090175994)
collision_layer = 4
collision_mask = 17
joint_type = 2
joint_offset = Transform3D(1, 0, 0, 0, 1, 0, 0, 0, 1, 0.006752772, -0.0020702556, -0.000752686)
body_offset = Transform3D(0.99999225, -0.0022203177, -0.0032503325, 0.0022278726, 0.99999523, 0.0022522956, 0.0032452624, -0.0022591352, 0.9999925, -0.0067597628, 0.0020568967, 0.0007260889)
friction = 0.4
bounce = 0.2
bone_name = "Arm_Upper_R"
joint_constraints/swing_span = 49.999992
joint_constraints/twist_span = 30.0
joint_constraints/bias = 0.3
joint_constraints/softness = 0.8
joint_constraints/relaxation = 1.0

[node name="CollisionShape3D" type="CollisionShape3D" parent="ape_orangutan/Armature_Orang/Skeleton3D/Ragdoll/Physical Bone Arm_Upper_R" unique_id=256822696]
transform = Transform3D(0.9999997, 1.4882535e-06, 1.9669533e-06, -3.259629e-08, 0.99999535, 1.3299286e-06, 1.7881393e-07, -3.091991e-07, 0.9999914, 0.005, 0.216, -0.014)
shape = SubResource("CapsuleShape3D_pb1wn")

[node name="Physical Bone Arm_Lower_R" type="PhysicalBone3D" parent="ape_orangutan/Armature_Orang/Skeleton3D/Ragdoll" unique_id=1546893214]
transform = Transform3D(0.29497486, 0.14788163, -0.0045659477, -0.028171133, 0.046140768, -0.32554176, -0.14524533, 0.2913796, 0.053867757, -0.088895045, 0.119640104, 0.21982396)
collision_layer = 4
collision_mask = 17
joint_type = 3
joint_offset = Transform3D(1, 0, 0, 0, 1, 0, 0, 0, 1, 0.0022879094, 0.009221751, 0.0051547163)
body_offset = Transform3D(0.99994826, 0.010107011, -0.0015780404, -0.010107905, 0.9999489, -0.00059458613, 0.0015716255, 0.0006106794, 0.99999887, -0.002372861, -0.009195089, -0.005163938)
friction = 0.4
bounce = 0.2
bone_name = "Arm_Lower_R"
joint_constraints/angular_limit_enabled = true
joint_constraints/angular_limit_upper = 99.999985
joint_constraints/angular_limit_lower = -99.999985
joint_constraints/angular_limit_bias = 0.3
joint_constraints/angular_limit_softness = 0.9
joint_constraints/angular_limit_relaxation = 1.0

[node name="CollisionShape3D" type="CollisionShape3D" parent="ape_orangutan/Armature_Orang/Skeleton3D/Ragdoll/Physical Bone Arm_Lower_R" unique_id=794629075]
transform = Transform3D(0.9925501, -0.011203334, -0.12131892, 0.008724712, 0.9997459, -0.020942673, 0.12152193, 0.019728184, 0.99239516, 0.011639893, 0.20806396, -0.032878965)
shape = SubResource("CapsuleShape3D_c5vop")

[node name="Physical Bone Hand_R" type="PhysicalBone3D" parent="ape_orangutan/Armature_Orang/Skeleton3D/Ragdoll" unique_id=1685063262]
transform = Transform3D(0.31982625, 0.063041665, 0.051351108, 0.051185034, 0.005834008, -0.32595408, -0.06317657, 0.3238699, -0.004124002, -0.033992793, 0.13804089, 0.32987273)
collision_layer = 4
collision_mask = 17
joint_type = 3
joint_offset = Transform3D(1, 0, 0, 0, 1, 0, 0, 0, 1, -0.0017373088, -0.0044571958, 0.0083415285)
body_offset = Transform3D(0.99999076, 0.00158903, -0.004167552, -0.0015946478, 0.9999982, -0.00129533, 0.0041653886, 0.0013022162, 0.9999906, 0.001779139, 0.0044652224, -0.008328408)
friction = 0.4
bounce = 0.2
bone_name = "Hand_R"
joint_constraints/angular_limit_enabled = true
joint_constraints/angular_limit_upper = 45.0
joint_constraints/angular_limit_lower = -45.0
joint_constraints/angular_limit_bias = 0.3
joint_constraints/angular_limit_softness = 0.9
joint_constraints/angular_limit_relaxation = 1.0

[node name="CollisionShape3D" type="CollisionShape3D" parent="ape_orangutan/Armature_Orang/Skeleton3D/Ragdoll/Physical Bone Hand_R" unique_id=1080323224]
transform = Transform3D(0.9969834, 0.0671664, -0.038518496, -0.07530436, 0.95683867, -0.28066516, 0.0180047, 0.28272247, 0.9590268, 0, 0.105, 0.029)
shape = SubResource("CapsuleShape3D_yop2s")

[node name="Physical Bone Thigh_L" type="PhysicalBone3D" parent="ape_orangutan/Armature_Orang/Skeleton3D/Ragdoll" unique_id=1559074622]
transform = Transform3D(0.27590555, 0.18002543, 0.019156745, 0.15309091, -0.21335934, -0.19985239, -0.096640125, 0.17597908, -0.26190087, 0.036854334, 0.082815975, -0.08255735)
collision_layer = 4
collision_mask = 17
joint_type = 2
joint_offset = Transform3D(1, 0, 0, 0, 1, 0, 0, 0, 1, -0.0055917157, 0.006138535, -0.0057533174)
body_offset = Transform3D(0.9999805, -0.005270049, 0.003347978, 0.005288571, 0.9999714, -0.0054344535, -0.0033192933, 0.005452037, 0.99997926, 0.0056432188, -0.0061400533, 0.0057011694)
friction = 0.4
bounce = 0.2
bone_name = "Thigh_L"
joint_constraints/swing_span = 65.0
joint_constraints/twist_span = 19.999992
joint_constraints/bias = 0.3
joint_constraints/softness = 0.8
joint_constraints/relaxation = 1.0

[node name="CollisionShape3D2" type="CollisionShape3D" parent="ape_orangutan/Armature_Orang/Skeleton3D/Ragdoll/Physical Bone Thigh_L" unique_id=294408266]
transform = Transform3D(0.993755, 0.10291572, 0.043105513, -0.10113803, 0.9940035, -0.041582793, -0.047126517, 0.036963537, 0.9982049, 0, 0.129, -0.007)
shape = SubResource("CapsuleShape3D_ah3bo")

[node name="Physical Bone Shin_L" type="PhysicalBone3D" parent="ape_orangutan/Armature_Orang/Skeleton3D/Ragdoll" unique_id=35757324]
transform = Transform3D(0.12297702, -0.2506846, 0.17588036, -0.22626193, 0.053335484, 0.23422402, -0.2063546, -0.20787634, -0.15200405, 0.09919577, 0.009897699, -0.019078013)
collision_layer = 4
collision_mask = 17
joint_type = 3
joint_offset = Transform3D(1, 0, 0, 0, 1, 0, 0, 0, 1, -0.0007846297, 0.0026337032, -0.0019427895)
body_offset = Transform3D(0.9999486, -0.009722829, -0.002794683, 0.009717703, 0.99995154, -0.0017060637, 0.0028113723, 0.0016787648, 0.9999945, 0.000804767, -0.0026292652, 0.0019405633)
friction = 0.4
bounce = 0.2
bone_name = "Shin_L"
joint_constraints/angular_limit_enabled = true
joint_constraints/angular_limit_upper = 45.0
joint_constraints/angular_limit_lower = -45.0
joint_constraints/angular_limit_bias = 0.3
joint_constraints/angular_limit_softness = 0.9
joint_constraints/angular_limit_relaxation = 1.0

[node name="CollisionShape3D" type="CollisionShape3D" parent="ape_orangutan/Armature_Orang/Skeleton3D/Ragdoll/Physical Bone Shin_L" unique_id=1547755645]
transform = Transform3D(0.9677346, -0.0013375161, 0.25197425, -0.029457614, 0.99252796, 0.118404664, -0.250249, -0.122005925, 0.96046895, -0.009299912, 0.097723246, -0.001721546)
shape = SubResource("CapsuleShape3D_cg0of")

[node name="Physical Bone Foot_L" type="PhysicalBone3D" parent="ape_orangutan/Armature_Orang/Skeleton3D/Ragdoll" unique_id=832323799]
transform = Transform3D(0.044227727, 0.17213546, 0.27805272, 0.3202194, -0.07973121, -0.0015752726, 0.06635854, 0.27002287, -0.1777195, 0.04628361, 0.020569632, -0.062571235)
collision_layer = 4
collision_mask = 17
joint_type = 3
joint_offset = Transform3D(1, 0, 0, 0, 1, 0, 0, 0, 1, -0.0008860896, 5.853034e-07, 0.00012920774)
body_offset = Transform3D(0.9999959, -0.0005953461, 0.0027672276, 0.0005668998, 0.99994826, 0.010198772, -0.002773054, -0.010196716, 0.99994445, 0.00088572875, -1.4007092e-06, -0.00013165176)
friction = 0.4
bounce = 0.2
bone_name = "Foot_L"
joint_constraints/angular_limit_enabled = true
joint_constraints/angular_limit_upper = 45.0
joint_constraints/angular_limit_lower = -45.0
joint_constraints/angular_limit_bias = 0.3
joint_constraints/angular_limit_softness = 0.9
joint_constraints/angular_limit_relaxation = 1.0

[node name="CollisionShape3D" type="CollisionShape3D" parent="ape_orangutan/Armature_Orang/Skeleton3D/Ragdoll/Physical Bone Foot_L" unique_id=1072678156]
transform = Transform3D(0.96206564, 0.254274, 0.09886648, -0.24878938, 0.9664055, -0.06453225, -0.11195397, 0.037487358, 0.993006, 0.02200979, 0.079571776, -0.010245115)
shape = SubResource("CapsuleShape3D_6yin8")

[node name="Physical Bone Thigh_R" type="PhysicalBone3D" parent="ape_orangutan/Armature_Orang/Skeleton3D/Ragdoll" unique_id=1470890017]
transform = Transform3D(0.27543142, -0.18072294, -0.019410612, -0.15250517, -0.21060155, -0.20319737, 0.09889249, 0.17856716, -0.25929528, -0.036845222, 0.0828034, -0.07824543)
collision_layer = 4
collision_mask = 17
joint_type = 2
joint_offset = Transform3D(1, 0, 0, 0, 1, 0, 0, 0, 1, 0.0015811863, -0.0008231029, 0.004604246)
body_offset = Transform3D(0.99999446, 0.0011462271, 0.0031855106, -0.0011643767, 0.9999832, 0.0057029426, -0.0031789243, -0.005706519, 0.99997854, -0.0015949011, 0.00079867244, -0.004603818)
friction = 0.4
bounce = 0.2
bone_name = "Thigh_R"
joint_constraints/swing_span = 65.0
joint_constraints/twist_span = 19.999992
joint_constraints/bias = 0.3
joint_constraints/softness = 0.8
joint_constraints/relaxation = 1.0

[node name="CollisionShape3D2" type="CollisionShape3D" parent="ape_orangutan/Armature_Orang/Skeleton3D/Ragdoll/Physical Bone Thigh_R" unique_id=2027000934]
transform = Transform3D(0.9937549, 0.102915734, 0.043105483, -0.10113806, 0.9940035, -0.041582793, -0.0471265, 0.036963552, 0.9982048, -0.029236495, 0.125, -0.013)
shape = SubResource("CapsuleShape3D_ah3bo")

[node name="Physical Bone Shin_R" type="PhysicalBone3D" parent="ape_orangutan/Armature_Orang/Skeleton3D/Ragdoll" unique_id=885834896]
transform = Transform3D(0.12667009, 0.24669915, -0.1788693, 0.22758165, 0.052223217, 0.23319378, 0.20263587, -0.21286683, -0.15008813, -0.09916633, 0.0098535, -0.019747552)
collision_layer = 4
collision_mask = 17
joint_type = 3
joint_offset = Transform3D(1, 0, 0, 0, 1, 0, 0, 0, 1, 0.0021315608, 0.0012424367, -0.0029343406)
body_offset = Transform3D(0.99997854, -0.006493509, 0.0010112226, 0.0065053105, 0.9999087, -0.011855245, -0.0009340048, 0.011861563, 0.9999296, -0.00212048, -0.001290977, 0.0029213876)
friction = 0.4
bounce = 0.2
bone_name = "Shin_R"
joint_constraints/angular_limit_enabled = true
joint_constraints/angular_limit_upper = 45.0
joint_constraints/angular_limit_lower = -45.0
joint_constraints/angular_limit_bias = 0.3
joint_constraints/angular_limit_softness = 0.9
joint_constraints/angular_limit_relaxation = 1.0

[node name="CollisionShape3D2" type="CollisionShape3D" parent="ape_orangutan/Armature_Orang/Skeleton3D/Ragdoll/Physical Bone Shin_R" unique_id=239206183]
transform = Transform3D(0.9658514, -0.037108287, 0.25642902, 0.0049463212, 0.99214816, 0.12494725, -0.25905198, -0.11941093, 0.95845896, 0.008487031, 0.0889025, -0.004136771)
shape = SubResource("CapsuleShape3D_cg0of")

