[gd_scene format=3 uid="uid://cpdvklybvsjn2"]

[ext_resource type="Script" uid="uid://lgmqlkuewowp" path="res://ape/scripts/ape_body.gd" id="1_u8ah8"]
[ext_resource type="PackedScene" uid="uid://cubf81kdaddng" path="res://ape/orangutan/ape_orangutan.blend" id="2_u8ah8"]
[ext_resource type="Script" uid="uid://4p57jdyc06ob" path="res://ape/scripts/hand_ray_cast.gd" id="3_sv5r5"]
[ext_resource type="Script" uid="uid://bb6okqe1l22n5" path="res://ape/scripts/ragdoll.gd" id="4_uya27"]
[ext_resource type="Script" uid="uid://g2c8anfwoxf2" path="res://ape/scripts/physical_bone_clamper.gd" id="5_eiabh"]
[ext_resource type="Script" uid="uid://qqt81cqdd6n8" path="res://ape/scripts/rigid_body_hitbox.gd" id="5_jyq33"]
[ext_resource type="Script" uid="uid://c5ogdg5hcnibf" path="res://ape/scripts/camera_pivot.gd" id="6_yk35a"]
[ext_resource type="Script" uid="uid://dr0wqty80sjn7" path="res://ape/scripts/ape_input.gd" id="7_q1lcf"]
[ext_resource type="Script" uid="uid://dnm8oseo2h6ro" path="res://ape/scripts/player_state.gd" id="8_68qp5"]
[ext_resource type="Script" uid="uid://trfwgwd6pb83" path="res://ape/scripts/grabbo.gd" id="9_6128t"]
[ext_resource type="Script" uid="uid://c5gwdr6pcl066" path="res://ape/scripts/authority_manager.gd" id="10_o8nwy"]
[ext_resource type="Script" uid="uid://bvw7dpc6a2dwl" path="res://ape/scripts/animation_tree.gd" id="11_5qxfy"]

[sub_resource type="CapsuleShape3D" id="CapsuleShape3D_t2650"]
height = 1.0

[sub_resource type="JointLimitationCone3D" id="JointLimitationCone3D_5qxfy"]
angle = 1.2356931

[sub_resource type="JointLimitationCone3D" id="JointLimitationCone3D_sv5r5"]
angle = 2.9761355

[sub_resource type="JointLimitationCone3D" id="JointLimitationCone3D_uya27"]
angle = 3.9091885

[sub_resource type="CapsuleShape3D" id="CapsuleShape3D_jyq33"]
radius = 0.24804688
height = 0.49609375

[sub_resource type="CapsuleShape3D" id="CapsuleShape3D_q1lcf"]
radius = 0.2421875
height = 0.61431885

[sub_resource type="CylinderShape3D" id="CylinderShape3D_dg7gw"]
height = 0.6720495
radius = 0.42089844

[sub_resource type="CapsuleShape3D" id="CapsuleShape3D_68qp5"]
radius = 0.14389038
height = 0.28778076

[sub_resource type="CapsuleShape3D" id="CapsuleShape3D_6128t"]
radius = 0.17697144
height = 0.35394287

[sub_resource type="CapsuleShape3D" id="CapsuleShape3D_o8nwy"]
radius = 0.18408203
height = 0.41308594

[sub_resource type="CapsuleShape3D" id="CapsuleShape3D_1hjce"]
radius = 0.091
height = 0.508448

[sub_resource type="CapsuleShape3D" id="CapsuleShape3D_opfua"]
radius = 0.064
height = 0.3959038

[sub_resource type="CapsuleShape3D" id="CapsuleShape3D_ixha7"]
radius = 0.07
height = 0.14

[sub_resource type="CapsuleShape3D" id="CapsuleShape3D_12e65"]
radius = 0.093
height = 0.413

[sub_resource type="CapsuleShape3D" id="CapsuleShape3D_uerw7"]
radius = 0.064
height = 0.32408106

[sub_resource type="CapsuleShape3D" id="CapsuleShape3D_fnqgs"]
radius = 0.075
height = 0.25

[sub_resource type="SceneReplicationConfig" id="SceneReplicationConfig_wppca"]
properties/0/path = NodePath(".:transform")
properties/0/spawn = true
properties/0/replication_mode = 1
properties/1/path = NodePath(".:velocity")
properties/1/spawn = true
properties/1/replication_mode = 1
properties/2/path = NodePath("PlayerState:current_state")
properties/2/spawn = true
properties/2/replication_mode = 1
properties/3/path = NodePath("LookPivot:rotation")
properties/3/spawn = true
properties/3/replication_mode = 1
properties/4/path = NodePath("HangJointRight:transform")
properties/4/spawn = true
properties/4/replication_mode = 1
properties/5/path = NodePath("HangJointRight:node_a")
properties/5/spawn = true
properties/5/replication_mode = 1
properties/6/path = NodePath("HangJointRight:node_b")
properties/6/spawn = true
properties/6/replication_mode = 1
properties/7/path = NodePath("ape_orangutan:transform")
properties/7/spawn = true
properties/7/replication_mode = 1
properties/8/path = NodePath("ape_orangutan/Armature_Orang/Skeleton3D/ArmRightIK:influence")
properties/8/spawn = true
properties/8/replication_mode = 1
properties/9/path = NodePath("AnimationTree:on_floor")
properties/9/spawn = true
properties/9/replication_mode = 1

[sub_resource type="AnimationNodeAnimation" id="AnimationNodeAnimation_dg7gw"]
animation = &"Orang_Walk"

[sub_resource type="AnimationNodeAnimation" id="AnimationNodeAnimation_saxvm"]
animation = &"Orang_crouch"

[sub_resource type="AnimationNodeAnimation" id="AnimationNodeAnimation_g16rh"]
animation = &"Orang_idle"

[sub_resource type="AnimationNodeStateMachineTransition" id="AnimationNodeStateMachineTransition_e25ti"]
advance_mode = 2

[sub_resource type="AnimationNodeStateMachineTransition" id="AnimationNodeStateMachineTransition_6fun5"]
xfade_time = 0.2
advance_mode = 2
advance_expression = "ape.velocity.length()>0"

[sub_resource type="Curve" id="Curve_dg7gw"]
_data = [Vector2(0, 0), 0.0, 0.0, 0, 0, Vector2(0.5047259, 0.7999315), 1.1129055, 1.1129055, 0, 0, Vector2(1, 1), 0.0, 0.0, 0, 0]
point_count = 3

[sub_resource type="AnimationNodeStateMachineTransition" id="AnimationNodeStateMachineTransition_pv3yb"]
xfade_time = 0.1
xfade_curve = SubResource("Curve_dg7gw")
advance_mode = 2
advance_expression = "!on_floor"

[sub_resource type="AnimationNodeStateMachineTransition" id="AnimationNodeStateMachineTransition_irwbq"]
xfade_time = 0.1
advance_mode = 2
advance_expression = "on_floor"

[sub_resource type="AnimationNodeStateMachineTransition" id="AnimationNodeStateMachineTransition_dg7gw"]
xfade_time = 0.25
advance_mode = 2
advance_expression = "ape.velocity.length()==0"

[sub_resource type="AnimationNodeStateMachineTransition" id="AnimationNodeStateMachineTransition_eiabh"]
xfade_time = 0.1
xfade_curve = SubResource("Curve_dg7gw")
advance_mode = 2
advance_expression = "!on_floor"

[sub_resource type="AnimationNodeStateMachine" id="AnimationNodeStateMachine_b4p6a"]
states/Orang_Walk/node = SubResource("AnimationNodeAnimation_dg7gw")
states/Orang_Walk/position = Vector2(254, 199)
states/Orang_crouch/node = SubResource("AnimationNodeAnimation_saxvm")
states/Orang_crouch/position = Vector2(398, 29)
states/Orang_idle/node = SubResource("AnimationNodeAnimation_g16rh")
states/Orang_idle/position = Vector2(240, 100)
states/Start/position = Vector2(86, 94)
transitions = ["Start", "Orang_idle", SubResource("AnimationNodeStateMachineTransition_e25ti"), "Orang_idle", "Orang_Walk", SubResource("AnimationNodeStateMachineTransition_6fun5"), "Orang_idle", "Orang_crouch", SubResource("AnimationNodeStateMachineTransition_pv3yb"), "Orang_crouch", "Orang_idle", SubResource("AnimationNodeStateMachineTransition_irwbq"), "Orang_Walk", "Orang_idle", SubResource("AnimationNodeStateMachineTransition_dg7gw"), "Orang_Walk", "Orang_crouch", SubResource("AnimationNodeStateMachineTransition_eiabh")]

[sub_resource type="AnimationNodeBlendTree" id="AnimationNodeBlendTree_sv5r5"]
graph_offset = Vector2(-253.63116, 86.02327)
nodes/StateMachine/node = SubResource("AnimationNodeStateMachine_b4p6a")
nodes/StateMachine/position = Vector2(-40, 140)
node_connections = [&"output", 0, &"StateMachine"]

[node name="Player" type="CharacterBody3D" unique_id=1802699836 node_paths=PackedStringArray("input", "camera", "look", "model", "state")]
collision_layer = 2
collision_mask = 3
script = ExtResource("1_u8ah8")
ground_rotation_speed = 5.0
input = NodePath("Input")
camera = NodePath("LookPivot/Camera3D")
look = NodePath("LookPivot")
model = NodePath("ape_orangutan")
state = NodePath("PlayerState")

[node name="CollisionShape3D" type="CollisionShape3D" parent="." unique_id=971283472]
transform = Transform3D(1, 0, 0, 0, 1, 0, 0, 0, 1, 0, 0.5, 0)
shape = SubResource("CapsuleShape3D_t2650")

[node name="ape_orangutan" parent="." unique_id=888293569 instance=ExtResource("2_u8ah8")]
transform = Transform3D(-1, 0, -8.742278e-08, 0, 1, 0, 8.742278e-08, 0, -1, 0, 0, 0)

[node name="Skeleton3D" parent="ape_orangutan/Armature_Orang" parent_id_path=PackedInt32Array(888293569, 637657304) index="0" unique_id=1638835662]
bones/1/position = Vector3(4.0300865e-14, 1.9426478, 0.3974252)
bones/2/position = Vector3(-0.3603421, 0.12570447, 0.53421086)
bones/2/rotation = Quaternion(4.3697188e-08, -0.02548535, 0.9996752, -1.1139992e-09)
bones/3/position = Vector3(-0.3009643, 0.47386995, 0.111370206)
bones/3/rotation = Quaternion(-0.19421354, 0.6900166, -0.69268316, 0.0796758)
bones/4/position = Vector3(-0.06873547, 0.30028573, 0.42565292)
bones/5/position = Vector3(-0.14016512, -0.05082156, 0.061301384)
bones/5/rotation = Quaternion(0.11915757, -0.6993286, 0.28120747, 0.64626884)
bones/6/position = Vector3(0.36034217, 0.12570447, 0.5342109)
bones/6/rotation = Quaternion(4.3697188e-08, -0.02548535, 0.9996752, -1.1139992e-09)
bones/7/position = Vector3(0.3009643, 0.47386995, 0.111370206)
bones/7/rotation = Quaternion(0.19421357, 0.6900166, -0.6926832, -0.07967582)
bones/8/position = Vector3(0.06873547, 0.30028573, 0.42565292)
bones/9/position = Vector3(0.14016512, -0.05082156, 0.061301384)
bones/9/rotation = Quaternion(0.11915757, 0.6993286, -0.28120747, 0.64626884)
bones/10/position = Vector3(6.651855e-05, -0.13745527, 0.27577022)
bones/10/rotation = Quaternion(1.3580215e-07, 0.9603143, 0.27892032, 5.3534376e-07)
bones/11/rotation = Quaternion(0.15490009, 8.131365e-08, -1.5802155e-07, 0.9879302)
bones/12/rotation = Quaternion(0.2878302, 1.4800728e-06, 1.8480704e-07, 0.9576815)
bones/13/rotation = Quaternion(-0.15119246, -3.483066e-06, -2.2760472e-05, 0.9885044)
bones/16/rotation = Quaternion(0.7674062, 0.6297182, 0.09249482, 0.07737821)
bones/17/rotation = Quaternion(-0.10706062, -0.4334255, 0.11714278, 0.88710654)
bones/18/rotation = Quaternion(-0.5899884, -0.20048872, 0.64689016, 0.4396035)
bones/19/rotation = Quaternion(0.3721763, -0.15509586, -0.555512, 0.7272115)
bones/20/rotation = Quaternion(0.61488503, 0.08976859, -0.15805171, 0.7673837)
bones/21/rotation = Quaternion(0.8402194, 0.015071286, -0.034139547, 0.540961)
bones/22/rotation = Quaternion(0.5259907, -0.28141648, -0.06729437, 0.7997562)
bones/24/rotation = Quaternion(0.62400496, -0.08488151, -0.223102, 0.74406886)
bones/25/rotation = Quaternion(0.73857147, 0.110073835, -0.29959065, 0.5938361)
bones/26/rotation = Quaternion(0.76740617, -0.62971824, -0.09249564, 0.07737891)
bones/27/rotation = Quaternion(-0.10719511, 0.43344015, -0.117347226, 0.8870561)
bones/28/rotation = Quaternion(-0.59000343, 0.20047224, -0.6469061, 0.4395672)
bones/29/rotation = Quaternion(0.3722121, 0.15492128, 0.55568916, 0.72709495)
bones/30/rotation = Quaternion(0.614885, -0.08976861, 0.15805167, 0.7673837)
bones/31/rotation = Quaternion(0.8402194, -0.015071329, 0.03413956, 0.54096097)
bones/32/position = Vector3(0.018465336, 0.105905615, 0.014835339)
bones/32/rotation = Quaternion(0.62400496, 0.084881485, 0.22310194, 0.7440689)
bones/33/rotation = Quaternion(0.73857135, -0.110073835, 0.2995907, 0.59383625)
bones/34/rotation = Quaternion(0.52599066, 0.28141657, 0.06729435, 0.7997563)
bones/36/rotation = Quaternion(0.65536684, 0.72970366, 0.09139436, 0.17226127)
bones/37/rotation = Quaternion(-0.19720115, -0.66951853, 0.22668272, 0.67931694)
bones/38/rotation = Quaternion(0.71929103, -0.017833209, 0.6404052, 0.26867017)
bones/39/rotation = Quaternion(-0.36000142, 0.14971301, -0.9207394, -0.014963178)
bones/40/rotation = Quaternion(-0.034143746, 0.88755524, -0.06985925, 0.45409206)
bones/41/position = Vector3(0.039142445, 0.028837094, 0.03866555)
bones/41/rotation = Quaternion(-0.15224452, -0.8453407, 0.037964676, 0.5106657)
bones/42/rotation = Quaternion(0.00847299, 0.8855601, -0.0923494, -0.4551737)
bones/43/position = Vector3(-0.043649405, -0.024467414, -0.058716673)
bones/43/rotation = Quaternion(0.016035995, 0.86718106, -0.48570782, -0.10875581)
bones/44/rotation = Quaternion(-0.03783698, -0.4003064, 0.03324155, 0.91499627)
bones/45/rotation = Quaternion(-0.6553667, 0.7297035, 0.09139517, -0.17226207)
bones/46/rotation = Quaternion(-0.19749053, 0.6694036, -0.22694357, 0.6792591)
bones/47/rotation = Quaternion(0.7193019, 0.017829979, -0.640415, 0.2686177)
bones/48/rotation = Quaternion(-0.35989982, -0.1493083, 0.9208427, -0.015096009)
bones/49/rotation = Quaternion(0.034143798, 0.88755524, -0.069859274, -0.45409206)
bones/50/position = Vector3(-0.03914247, 0.028837115, 0.03866558)
bones/50/rotation = Quaternion(-0.15224443, 0.8453408, -0.037964568, 0.5106656)
bones/51/rotation = Quaternion(-0.008472929, 0.8855601, -0.09234924, 0.45517376)
bones/52/position = Vector3(0.043649398, -0.024467422, -0.05871666)
bones/52/rotation = Quaternion(-0.016036, 0.8671811, -0.48570767, 0.10875581)
bones/53/rotation = Quaternion(-0.037836928, 0.4003064, -0.03324153, 0.91499627)

[node name="Head" type="BoneAttachment3D" parent="ape_orangutan/Armature_Orang/Skeleton3D" index="1" unique_id=312895356]
transform = Transform3D(1, 5.1160114e-05, 4.383561e-06, -4.0319323e-06, 0.16334249, -0.98656917, -5.1189018e-05, 0.9865693, 0.16334234, -6.2153726e-05, 0.45426095, 0.34719235)
bone_name = "Head"
bone_idx = 13

[node name="Hand_R" type="BoneAttachment3D" parent="ape_orangutan/Armature_Orang/Skeleton3D" index="2" unique_id=1993154366]
transform = Transform3D(0.8711199, 0.08708456, -0.48328632, -0.4137747, 0.66017175, -0.6268683, 0.26446152, 0.74604917, 0.61112213, -0.12947161, 0.7426745, 0.9257129)
bone_name = "Hand_R"
bone_idx = 29

[node name="HoldingSpaceRight" type="Marker3D" parent="ape_orangutan/Armature_Orang/Skeleton3D/Hand_R" unique_id=496759705]
transform = Transform3D(0.99999946, -1.0058284e-06, -1.7881393e-07, 9.797513e-07, 0.9999993, 1.1324883e-06, 1.6391277e-07, -1.4007092e-06, 0.9999991, -0.03665997, 0.08608669, 0.0808467)

[node name="Spine" type="BoneAttachment3D" parent="ape_orangutan/Armature_Orang/Skeleton3D" index="3" unique_id=1004265275]
transform = Transform3D(1, 8.835229e-06, -1.2674054e-06, -3.330773e-06, 0.23764828, -0.9713513, -8.2809165e-06, 0.9713514, 0.23764813, -6.650691e-05, 0.44066167, -0.01639685)
bone_name = "Spine"
bone_idx = 11

[node name="RayCast3D" type="RayCast3D" parent="ape_orangutan/Armature_Orang/Skeleton3D/Spine" unique_id=391874177 node_paths=PackedStringArray("target_child", "ignore_these")]
transform = Transform3D(-1, -2.5189154e-06, 8.557606e-06, -8.854693e-06, 0.18762134, -0.98224175, 8.6882204e-07, -0.982241, -0.18762168, -0.32130536, 0.21029215, 0.012489617)
target_position = Vector3(0, 0, -1.605)
collision_mask = 19
debug_shape_custom_color = Color(1, 0.3447545, 0.55754477, 1)
debug_shape_thickness = 5
script = ExtResource("3_sv5r5")
target_child = NodePath("../../../../../LookPivot/HandTargetRight")
ignore_these = [NodePath("../../../../..")]

[node name="SpineLookAt" type="LookAtModifier3D" parent="ape_orangutan/Armature_Orang/Skeleton3D" index="4" unique_id=1590428552]
transform = Transform3D(3.030303, 0, 0, 0, 3.030303, 0, 0, 0, 3.030303, 0, 0, 0)
influence = 0.25
target_node = NodePath("../../../../LookPivot/LookAtMe")
bone_name = "Spine"
bone = 11
forward_axis = 2
primary_rotation_axis = 2
relative = true
duration = 0.15
transition_type = 1
ease_type = 2

[node name="NeckLookAt" type="LookAtModifier3D" parent="ape_orangutan/Armature_Orang/Skeleton3D" index="5" unique_id=734787130]
transform = Transform3D(3.030303, 0, 0, 0, 3.030303, 0, 0, 0, 3.030303, 0, 0, 0)
influence = 0.25
target_node = NodePath("../../../../LookPivot/LookAtMe")
bone_name = "Neck"
bone = 12
forward_axis = 2
primary_rotation_axis = 0
relative = true
duration = 0.15
transition_type = 1
ease_type = 2

[node name="HeadLookAt" type="LookAtModifier3D" parent="ape_orangutan/Armature_Orang/Skeleton3D" index="6" unique_id=1369929918]
transform = Transform3D(3.030303, 0, 0, 0, 3.030303, 0, 0, 0, 3.030303, 0, 0, 0)
influence = 0.5
target_node = NodePath("../../../../LookPivot/LookAtMe")
bone_name = "Head"
bone = 13
forward_axis = 2
primary_rotation_axis = 2
relative = true
duration = 0.15
transition_type = 1
ease_type = 2

[node name="ArmRightIK" type="JacobianIK3D" parent="ape_orangutan/Armature_Orang/Skeleton3D" index="7" unique_id=396703440]
angular_delta_limit = 0.08726646259971647
setting_count = 1
settings/0/target_node = NodePath("../../../../LookPivot/HandTargetRight")
settings/0/root_bone_name = "Shoulder_R"
settings/0/root_bone = 26
settings/0/end_bone_name = "Finger_R"
settings/0/end_bone = 30
settings/0/extend_end_bone = false
settings/0/joint_count = 5
settings/0/joints/0/rotation_axis = 3
settings/0/joints/0/limitation = SubResource("JointLimitationCone3D_5qxfy")
settings/0/joints/0/limitation/right_axis = 2
settings/0/joints/0/limitation/rotation_offset = Quaternion(0.165, -1.095, -0.035, 1.31)
settings/0/joints/1/rotation_axis = 3
settings/0/joints/1/limitation = SubResource("JointLimitationCone3D_sv5r5")
settings/0/joints/1/limitation/right_axis = 0
settings/0/joints/1/limitation/rotation_offset = Quaternion(0, 0.48, -0.095, -0.41)
settings/0/joints/2/rotation_axis = 3
settings/0/joints/2/limitation = SubResource("JointLimitationCone3D_uya27")
settings/0/joints/2/limitation/right_axis = 0
settings/0/joints/2/limitation/rotation_offset = Quaternion(-0.84, -0.105, -0.225, 0.95)
settings/0/joints/3/rotation_axis = 3
settings/0/joints/3/limitation = null
settings/0/joints/4/rotation_axis = 3
settings/0/joints/4/limitation = null

[node name="Ragdoll" type="PhysicalBoneSimulator3D" parent="ape_orangutan/Armature_Orang/Skeleton3D" index="8" unique_id=634023419 node_paths=PackedStringArray("input", "state", "ape", "skeleton", "look_pivot")]
transform = Transform3D(3.030303, 0, 0, 0, 3.030303, 0, 0, 0, 3.030303, 0, 0, 0)
influence = 0.0
script = ExtResource("4_uya27")
input = NodePath("../../../../Input")
state = NodePath("../../../../PlayerState")
ape = NodePath("../../../..")
skeleton = NodePath("..")
look_pivot = NodePath("../../../../LookPivot")
get_up_speed = 2.5

[node name="Physical Bone Pelvis" type="PhysicalBone3D" parent="ape_orangutan/Armature_Orang/Skeleton3D/Ragdoll" unique_id=1117151723]
transform = Transform3D(0.33, 3.5758134e-09, -3.6492065e-07, -3.100513e-07, 0.17679016, -0.27864897, 1.9247872e-07, 0.27864897, 0.17679016, -2.2206326e-05, 0.092538014, -0.09276772)
collision_layer = 4
joint_type = 2
joint_offset = Transform3D(1, 0, 0, 0, 1, 0, 0, 0, 1, 7.805174e-07, 0.001567482, 0.0064990395)
body_offset = Transform3D(1, -2.7008412e-08, -1.8690969e-09, 2.7008497e-08, 0.99999976, 3.0010939e-05, 1.8679316e-09, -3.0040741e-05, 1, -7.8046287e-07, -0.0015676767, -0.0064989924)
friction = 0.4
bounce = 0.2
bone_name = "Pelvis"
joint_constraints/swing_span = 9.999996
joint_constraints/twist_span = 180.0
joint_constraints/bias = 0.3
joint_constraints/softness = 0.8
joint_constraints/relaxation = 1.0
script = ExtResource("5_eiabh")

[node name="CollisionShape3D" type="CollisionShape3D" parent="ape_orangutan/Armature_Orang/Skeleton3D/Ragdoll/Physical Bone Pelvis" unique_id=344764278]
transform = Transform3D(1, 1.7763568e-15, -7.1054274e-15, 0, 0, 1, 0, -1, 0, -1.5464547e-08, 0.1585498, 0.107316256)
shape = SubResource("CapsuleShape3D_jyq33")

[node name="Physical Bone Spine" type="PhysicalBone3D" parent="ape_orangutan/Armature_Orang/Skeleton3D/Ragdoll" unique_id=577611465]
transform = Transform3D(0.33, 2.8611882e-06, -3.9592794e-07, -1.0646876e-06, 0.07844138, -0.32054168, -2.6850691e-06, 0.32054168, 0.07844138, -2.2284157e-05, 0.14889689, -0.005573569)
collision_layer = 4
joint_type = 2
joint_offset = Transform3D(1, 0, 0, 0, 1, 0, 0, 0, 1, 1.0508409e-06, -0.0020269745, 0.0103559885)
body_offset = Transform3D(1, -1.6502872e-07, 6.714208e-08, 1.6502963e-07, 0.99999994, 5.4582953e-05, -6.71522e-08, -5.4448843e-05, 1, -1.0518706e-06, 0.002026409, -0.010356098)
friction = 0.4
bounce = 0.2
bone_name = "Spine"
joint_constraints/swing_span = 4.999998
joint_constraints/twist_span = 39.999985
joint_constraints/bias = 0.3
joint_constraints/softness = 0.8
joint_constraints/relaxation = 1.0
script = ExtResource("5_eiabh")

[node name="CollisionShape3D" type="CollisionShape3D" parent="ape_orangutan/Armature_Orang/Skeleton3D/Ragdoll/Physical Bone Spine" unique_id=1345764570]
transform = Transform3D(1, 3.5063005e-07, 2.351824e-07, -4.0167512e-07, 0.9616797, 0.2741776, -1.3003512e-07, -0.27417773, 0.9616792, -8.0137e-08, 0.076402396, 0.117420435)
shape = SubResource("CapsuleShape3D_q1lcf")

[node name="PushablePusher" type="Area3D" parent="ape_orangutan/Armature_Orang/Skeleton3D/Ragdoll/Physical Bone Spine" unique_id=180764024 node_paths=PackedStringArray("ape", "state", "ragdoll")]
transform = Transform3D(1, -8.396941e-06, -3.3419167e-06, 9.036499e-06, 0.9346081, 0.35567868, 1.3676929e-07, -0.35567865, 0.9346086, 2.4718756e-06, -0.23937228, 0.22553359)
collision_layer = 0
collision_mask = 16
script = ExtResource("5_jyq33")
power = 1.5
ape = NodePath("../../../../../..")
state = NodePath("../../../../../../PlayerState")
ragdoll = NodePath("../..")

[node name="CollisionShape3D" type="CollisionShape3D" parent="ape_orangutan/Armature_Orang/Skeleton3D/Ragdoll/Physical Bone Spine/PushablePusher" unique_id=475919890]
transform = Transform3D(1, 1.29602995e-11, -1.2244072e-10, -1.23066e-11, 1.0000057, -0.0009190738, 1.2309442e-10, 0.0009189844, 1.0000057, 1.5302066e-07, 0.2786804, 0.098716736)
shape = SubResource("CylinderShape3D_dg7gw")
debug_color = Color(0.9733754, 0, 0.4378033, 0.41960785)

[node name="Physical Bone Neck" type="PhysicalBone3D" parent="ape_orangutan/Armature_Orang/Skeleton3D/Ragdoll" unique_id=2102952717]
transform = Transform3D(0.33, 5.13484e-06, -1.2234763e-06, -1.1570886e-07, -0.0694326, -0.32261297, -5.2773185e-06, 0.32261297, -0.0694326, -2.1839429e-05, 0.1652422, 0.06148119)
collision_layer = 4
collision_mask = 17
joint_type = 2
joint_offset = Transform3D(1, 0, 0, 0, 1, 0, 0, 0, 1, 1.5463912e-06, -0.001216978, 0.011905945)
body_offset = Transform3D(1, 4.5498018e-07, -1.266792e-07, -4.552221e-07, 0.9999984, -0.0019244403, 1.2580017e-07, 0.0019245893, 0.99999833, -1.5443293e-06, 0.0012398884, -0.011903584)
friction = 0.4
bounce = 0.2
bone_name = "Neck"
joint_constraints/swing_span = 19.999992
joint_constraints/twist_span = 24.999996
joint_constraints/bias = 0.3
joint_constraints/softness = 0.8
joint_constraints/relaxation = 1.0
script = ExtResource("5_eiabh")

[node name="CollisionShape3D" type="CollisionShape3D" parent="ape_orangutan/Armature_Orang/Skeleton3D/Ragdoll/Physical Bone Neck" unique_id=868781670]
transform = Transform3D(1, 1.106147e-06, 2.768926e-07, -1.1006739e-06, 0.8516721, 0.524075, 3.1126189e-07, -0.524075, 0.8516723, 6.4844244e-08, 0.14075811, 0.053019404)
shape = SubResource("CapsuleShape3D_68qp5")

[node name="Physical Bone Head" type="PhysicalBone3D" parent="ape_orangutan/Armature_Orang/Skeleton3D/Ragdoll" unique_id=1779494347]
transform = Transform3D(0.33, 1.8208306e-05, 1.6248351e-06, -1.3711674e-06, 0.053902846, -0.32556796, -1.8229162e-05, 0.32556796, 0.053902853, -2.3053106e-05, 0.15354376, 0.11683455)
collision_layer = 4
collision_mask = 17
joint_type = 2
joint_offset = Transform3D(1, 0, 0, 0, 1, 0, 0, 0, 1, 8.128461e-06, -0.008560264, 0.00975594)
body_offset = Transform3D(1, 4.0165396e-06, 5.4020165e-07, -4.0165687e-06, 1.0000002, -4.4703484e-07, -5.4021166e-07, 5.811453e-07, 1.0000004, -8.099349e-06, 0.00856027, -0.009755939)
friction = 0.4
bounce = 0.2
bone_name = "Head"
joint_constraints/swing_span = 24.999996
joint_constraints/twist_span = 19.999992
joint_constraints/bias = 0.3
joint_constraints/softness = 0.8
joint_constraints/relaxation = 1.0
script = ExtResource("5_eiabh")

[node name="CollisionShape3D" type="CollisionShape3D" parent="ape_orangutan/Armature_Orang/Skeleton3D/Ragdoll/Physical Bone Head" unique_id=1606479431]
transform = Transform3D(0.99994695, -0.002134634, -0.010077274, 0.00027098507, 0.9834103, -0.18141994, 0.010297311, 0.1814082, 0.9833542, 9.1708825e-05, 0.111748844, 0.022595644)
shape = SubResource("CapsuleShape3D_6128t")

[node name="Physical Bone Shoulder_L" type="PhysicalBone3D" parent="ape_orangutan/Armature_Orang/Skeleton3D/Ragdoll" unique_id=143140330]
transform = Transform3D(0.06282976, 0.31426257, 0.078685895, 0.06255777, -0.09041269, 0.31114638, 0.31786627, -0.044323765, -0.0767884, 2.8462886e-05, 0.16536532, 0.06163424)
collision_layer = 4
collision_mask = 17
joint_type = 2
joint_offset = Transform3D(1, 0, 0, 0, 1, 0, 0, 0, 1, -0.006263058, 0.0036358214, -0.010153141)
body_offset = Transform3D(0.99999994, -0.0006432831, 0.00011508167, 0.00064344704, 0.99999964, -0.0010460243, -0.000114545226, 0.0010461211, 0.99999964, 0.006266564, -0.00364241, 0.010148615)
friction = 0.4
bounce = 0.2
bone_name = "Shoulder_L"
joint_constraints/swing_span = 39.999985
joint_constraints/twist_span = 9.999996
joint_constraints/bias = 0.3
joint_constraints/softness = 0.8
joint_constraints/relaxation = 1.0
script = ExtResource("5_eiabh")

[node name="CollisionShape3D" type="CollisionShape3D" parent="ape_orangutan/Armature_Orang/Skeleton3D/Ragdoll/Physical Bone Shoulder_L" unique_id=414945970]
transform = Transform3D(1.0000013, 6.482005e-07, 0, -9.313226e-10, 1.0000005, 6.519258e-09, 0, -1.9324943e-07, 1.0000004, 0.0056129694, 0.126, -0.07021457)
shape = SubResource("CapsuleShape3D_o8nwy")

[node name="Physical Bone Arm_Upper_L" type="PhysicalBone3D" parent="ape_orangutan/Armature_Orang/Skeleton3D/Ragdoll" unique_id=1001508409]
transform = Transform3D(0.19460903, 0.265559, 0.022489121, 0.24005781, -0.18676342, 0.12803002, 0.115756564, -0.059142757, -0.30331925, 0.070226625, 0.14450713, 0.054030973)
collision_layer = 4
collision_mask = 17
joint_type = 2
joint_offset = Transform3D(1, 0, 0, 0, 1, 0, 0, 0, 1, -0.010661715, 0.008973206, 0.0063058734)
body_offset = Transform3D(0.9998599, -0.0141348615, -0.008986503, 0.014090262, 0.9998884, -0.0050284714, 0.009056747, 0.0049011707, 0.9999472, 0.010843724, -0.0087902695, -0.0062529594)
friction = 0.4
bounce = 0.2
bone_name = "Arm_Upper_L"
joint_constraints/swing_span = 49.999992
joint_constraints/twist_span = 30.0
joint_constraints/bias = 0.3
joint_constraints/softness = 0.8
joint_constraints/relaxation = 1.0
script = ExtResource("5_eiabh")

[node name="CollisionShape3D" type="CollisionShape3D" parent="ape_orangutan/Armature_Orang/Skeleton3D/Ragdoll/Physical Bone Arm_Upper_L" unique_id=424910768]
transform = Transform3D(0.9999997, 1.4882535e-06, 1.9669533e-06, -3.259629e-08, 0.99999535, 1.3299286e-06, 1.7881393e-07, -3.091991e-07, 0.9999914, 0.005, 0.216, -0.014)
shape = SubResource("CapsuleShape3D_1hjce")

[node name="Physical Bone Arm_Lower_L" type="PhysicalBone3D" parent="ape_orangutan/Armature_Orang/Skeleton3D/Ragdoll" unique_id=991657022]
transform = Transform3D(0.22021016, -0.22096944, -0.10761039, -0.20367216, -0.08319114, -0.24596116, 0.13756871, 0.23054662, -0.1918935, 0.18432282, 0.0668367, 0.027905233)
collision_layer = 4
collision_mask = 17
joint_type = 3
joint_offset = Transform3D(1, 0, 0, 0, 1, 0, 0, 0, 1, -0.003933746, 0.0061159995, 0.007847568)
body_offset = Transform3D(0.9998366, 0.017632455, -0.004050076, -0.017579943, 0.99976444, 0.012752444, 0.0042740554, -0.012678951, 0.9999106, 0.0038570464, -0.00628379, -0.007752508)
friction = 0.4
bounce = 0.2
bone_name = "Arm_Lower_L"
joint_constraints/angular_limit_enabled = true
joint_constraints/angular_limit_upper = 99.999985
joint_constraints/angular_limit_lower = -99.999985
joint_constraints/angular_limit_bias = 0.3
joint_constraints/angular_limit_softness = 0.9
joint_constraints/angular_limit_relaxation = 1.0
script = ExtResource("5_eiabh")

[node name="CollisionShape3D" type="CollisionShape3D" parent="ape_orangutan/Armature_Orang/Skeleton3D/Ragdoll/Physical Bone Arm_Lower_L" unique_id=1776166021]
transform = Transform3D(0.9925505, -0.0112032555, -0.12131918, 0.008724622, 0.9997458, -0.020942487, 0.12152221, 0.019728009, 0.9923958, 0, 0.232, -0.021)
shape = SubResource("CapsuleShape3D_opfua")

[node name="Physical Bone Hand_L" type="PhysicalBone3D" parent="ape_orangutan/Armature_Orang/Skeleton3D/Ragdoll" unique_id=1975766003]
transform = Transform3D(0.29868162, 0.054402236, -0.1293433, 0.05678918, -0.3250292, -0.0055699116, -0.12831323, -0.017217182, -0.30354452, 0.103762336, 0.036114145, 0.10899271)
collision_layer = 4
collision_mask = 17
joint_type = 3
joint_offset = Transform3D(1, 0, 0, 0, 1, 0, 0, 0, 1, -0.012556806, 0.00041640564, 0.005303494)
body_offset = Transform3D(0.9998706, 0.008008173, -0.0139890015, -0.008012028, 0.9999681, -0.00022375584, 0.013986528, 0.00033558905, 0.99990225, 0.012626037, -0.00051581115, -0.0051274896)
friction = 0.4
bounce = 0.2
bone_name = "Hand_L"
joint_constraints/angular_limit_enabled = true
joint_constraints/angular_limit_upper = 45.0
joint_constraints/angular_limit_lower = -45.0
joint_constraints/angular_limit_bias = 0.3
joint_constraints/angular_limit_softness = 0.9
joint_constraints/angular_limit_relaxation = 1.0
script = ExtResource("5_eiabh")

[node name="CollisionShape3D" type="CollisionShape3D" parent="ape_orangutan/Armature_Orang/Skeleton3D/Ragdoll/Physical Bone Hand_L" unique_id=1977704871]
transform = Transform3D(0.9968977, 0.0677148, -0.03972742, -0.076128095, 0.9574342, -0.27840218, 0.019184709, 0.28056636, 0.9596361, -0.0068920404, 0.07364557, 0.02949211)
shape = SubResource("CapsuleShape3D_ixha7")

[node name="Physical Bone Shoulder_R" type="PhysicalBone3D" parent="ape_orangutan/Armature_Orang/Skeleton3D/Ragdoll" unique_id=1152930989]
transform = Transform3D(-0.10149243, -0.29914042, -0.0954688, -0.103065304, -0.0630376, 0.30708927, -0.29660892, 0.12426287, -0.074039884, 0.00026527126, 0.16527276, 0.061156843)
collision_layer = 4
collision_mask = 17
joint_type = 2
joint_offset = Transform3D(1, 0, 0, 0, 1, 0, 0, 0, 1, 0.00628879, 0.0019583176, -0.009819495)
body_offset = Transform3D(0.99996924, -0.007861614, -0.00013144314, 0.007862389, 0.9999325, 0.008598641, 6.3970685e-05, -0.008599445, 0.9999632, -0.0062744915, -0.001923196, 0.009835571)
friction = 0.4
bounce = 0.2
bone_name = "Shoulder_R"
joint_constraints/swing_span = 39.999985
joint_constraints/twist_span = 9.999996
joint_constraints/bias = 0.3
joint_constraints/softness = 0.8
joint_constraints/relaxation = 1.0
script = ExtResource("5_eiabh")

[node name="CollisionShape3D" type="CollisionShape3D" parent="ape_orangutan/Armature_Orang/Skeleton3D/Ragdoll/Physical Bone Shoulder_R" unique_id=291864541]
transform = Transform3D(1.0000013, 6.482005e-07, 0, -9.313226e-10, 1.0000005, 6.519258e-09, 0, -1.9324943e-07, 1.0000004, 0.0056129694, 0.126, -0.07021457)
shape = SubResource("CapsuleShape3D_o8nwy")

[node name="Physical Bone Arm_Upper_R" type="PhysicalBone3D" parent="ape_orangutan/Armature_Orang/Skeleton3D/Ragdoll" unique_id=1441450116]
transform = Transform3D(-0.11473312, -0.07128705, -0.3010888, -0.2949737, 0.1221531, 0.0834814, 0.09341755, 0.29815564, -0.106190346, -0.06732914, 0.15155786, 0.08909961)
collision_layer = 4
collision_mask = 17
joint_type = 2
joint_offset = Transform3D(1, 0, 0, 0, 1, 0, 0, 0, 1, 0.009455287, -0.008317787, -0.0004486036)
body_offset = Transform3D(0.9999876, -0.004227221, -0.0026134178, 0.0042360425, 0.9999859, 0.0032738745, 0.0025995746, -0.0032846928, 0.99999154, -0.009491503, 0.008279085, 0.0003966987)
friction = 0.4
bounce = 0.2
bone_name = "Arm_Upper_R"
joint_constraints/swing_span = 49.999992
joint_constraints/twist_span = 30.0
joint_constraints/bias = 0.3
joint_constraints/softness = 0.8
joint_constraints/relaxation = 1.0
script = ExtResource("5_eiabh")

[node name="CollisionShape3D" type="CollisionShape3D" parent="ape_orangutan/Armature_Orang/Skeleton3D/Ragdoll/Physical Bone Arm_Upper_R" unique_id=96818128]
transform = Transform3D(0.9999997, 1.4882535e-06, 1.9669533e-06, -3.259629e-08, 0.99999535, 1.3299286e-06, 1.7881393e-07, -3.091991e-07, 0.9999914, 0.005, 0.216, -0.014)
shape = SubResource("CapsuleShape3D_1hjce")

[node name="Physical Bone Arm_Lower_R" type="PhysicalBone3D" parent="ape_orangutan/Armature_Orang/Skeleton3D/Ragdoll" unique_id=1386195001]
transform = Transform3D(0.26985812, 0.15573594, -0.108733244, -0.17501132, 0.13046545, -0.24748701, -0.07380816, 0.26004824, 0.18928093, -0.09898619, 0.19971439, 0.20466992)
collision_layer = 4
collision_mask = 17
joint_type = 3
joint_offset = Transform3D(1, 0, 0, 0, 1, 0, 0, 0, 1, 0.0025045509, 0.013400883, 0.013489255)
body_offset = Transform3D(0.9999254, 0.01196745, -0.00258445, -0.0119494945, 0.99990547, 0.0067952573, 0.0026652515, -0.006763667, 0.99997365, -0.0026298761, -0.013461351, -0.013404936)
friction = 0.4
bounce = 0.2
bone_name = "Arm_Lower_R"
joint_constraints/angular_limit_enabled = true
joint_constraints/angular_limit_upper = 99.999985
joint_constraints/angular_limit_lower = -99.999985
joint_constraints/angular_limit_bias = 0.3
joint_constraints/angular_limit_softness = 0.9
joint_constraints/angular_limit_relaxation = 1.0
script = ExtResource("5_eiabh")

[node name="CollisionShape3D" type="CollisionShape3D" parent="ape_orangutan/Armature_Orang/Skeleton3D/Ragdoll/Physical Bone Arm_Lower_R" unique_id=1372591892]
transform = Transform3D(0.9925501, -0.011203334, -0.12131892, 0.008724712, 0.9997459, -0.020942673, 0.12152193, 0.019728184, 0.99239516, 0.011639893, 0.20806396, -0.032878965)
shape = SubResource("CapsuleShape3D_opfua")

[node name="Physical Bone Hand_R" type="PhysicalBone3D" parent="ape_orangutan/Armature_Orang/Skeleton3D/Ragdoll" unique_id=1094305561]
transform = Transform3D(0.28686947, 0.029412573, -0.16043948, -0.13800646, 0.21679236, -0.20701522, 0.08694911, 0.2470546, 0.20075828, -0.04079279, 0.24963947, 0.30803743)
collision_layer = 4
collision_mask = 17
joint_type = 3
joint_offset = Transform3D(1, 0, 0, 0, 1, 0, 0, 0, 1, -0.0013545094, -0.015383554, 0.006805117)
body_offset = Transform3D(0.9999884, 0.0038034022, -0.003065437, -0.0038113892, 0.99998945, -0.0026113093, 0.0030552596, 0.0026233792, 0.999992, 0.0014338642, 0.015395999, -0.0067605674)
friction = 0.4
bounce = 0.2
bone_name = "Hand_R"
joint_constraints/angular_limit_enabled = true
joint_constraints/angular_limit_upper = 45.0
joint_constraints/angular_limit_lower = -45.0
joint_constraints/angular_limit_bias = 0.3
joint_constraints/angular_limit_softness = 0.9
joint_constraints/angular_limit_relaxation = 1.0
script = ExtResource("5_eiabh")

[node name="CollisionShape3D" type="CollisionShape3D" parent="ape_orangutan/Armature_Orang/Skeleton3D/Ragdoll/Physical Bone Hand_R" unique_id=725425834]
transform = Transform3D(0.9969834, 0.0671664, -0.038518496, -0.07530436, 0.95683867, -0.28066516, 0.0180047, 0.28272247, 0.9590268, 0, 0.105, 0.029)
shape = SubResource("CapsuleShape3D_ixha7")

[node name="Physical Bone Thigh_L" type="PhysicalBone3D" parent="ape_orangutan/Armature_Orang/Skeleton3D/Ragdoll" unique_id=1182233249]
transform = Transform3D(0.27661526, 0.17895159, 0.018982287, 0.15234861, -0.2143462, -0.19936305, -0.09578045, 0.17587511, -0.26228622, 0.037212703, 0.08320562, -0.08305591)
collision_layer = 4
collision_mask = 17
joint_type = 2
joint_offset = Transform3D(1, 0, 0, 0, 1, 0, 0, 0, 1, -0.0075228973, 0.0071976758, -0.00597182)
body_offset = Transform3D(0.999944, -0.009164467, 0.0053111166, 0.009213626, 0.99991524, -0.009224057, -0.0052262396, 0.009272367, 0.9999432, 0.007620156, -0.0071828365, 0.005865425)
friction = 0.4
bounce = 0.2
bone_name = "Thigh_L"
joint_constraints/swing_span = 65.0
joint_constraints/twist_span = 19.999992
joint_constraints/bias = 0.3
joint_constraints/softness = 0.8
joint_constraints/relaxation = 1.0
script = ExtResource("5_eiabh")

[node name="CollisionShape3D2" type="CollisionShape3D" parent="ape_orangutan/Armature_Orang/Skeleton3D/Ragdoll/Physical Bone Thigh_L" unique_id=73263602]
transform = Transform3D(0.993755, 0.10291572, 0.043105513, -0.10113803, 0.9940035, -0.041582793, -0.047126517, 0.036963537, 0.9982049, 0, 0.129, -0.007)
shape = SubResource("CapsuleShape3D_12e65")

[node name="Physical Bone Shin_L" type="PhysicalBone3D" parent="ape_orangutan/Armature_Orang/Skeleton3D/Ragdoll" unique_id=1071844902]
transform = Transform3D(0.12213305, -0.2509084, 0.1761491, -0.22616065, 0.054267514, 0.23410772, -0.20696594, -0.20736445, -0.15187195, 0.09988121, 0.0100319665, -0.018922282)
collision_layer = 4
collision_mask = 17
joint_type = 3
joint_offset = Transform3D(1, 0, 0, 0, 1, 0, 0, 0, 1, -0.0012567942, 0.004319639, -0.0032291082)
body_offset = Transform3D(0.9998909, -0.014086843, -0.004404187, 0.014071971, 0.9998957, -0.0033182204, 0.00445053, 0.003255695, 0.9999846, 0.0013032854, -0.0043122172, 0.003220588)
friction = 0.4
bounce = 0.2
bone_name = "Shin_L"
joint_constraints/angular_limit_enabled = true
joint_constraints/angular_limit_upper = 45.0
joint_constraints/angular_limit_lower = -45.0
joint_constraints/angular_limit_bias = 0.3
joint_constraints/angular_limit_softness = 0.9
joint_constraints/angular_limit_relaxation = 1.0
script = ExtResource("5_eiabh")

[node name="CollisionShape3D" type="CollisionShape3D" parent="ape_orangutan/Armature_Orang/Skeleton3D/Ragdoll/Physical Bone Shin_L" unique_id=1136118157]
transform = Transform3D(0.9677346, -0.0013375161, 0.25197425, -0.029457614, 0.99252796, 0.118404664, -0.250249, -0.122005925, 0.96046895, -0.009299912, 0.097723246, -0.001721546)
shape = SubResource("CapsuleShape3D_uerw7")

[node name="Physical Bone Foot_L" type="PhysicalBone3D" parent="ape_orangutan/Armature_Orang/Skeleton3D/Ragdoll" unique_id=1543677436]
transform = Transform3D(0.043875556, 0.17042583, 0.27915943, 0.32033587, -0.07925329, -0.0019634166, 0.066029355, 0.27124518, -0.17597209, 0.04626492, 0.02066494, -0.062499408)
collision_layer = 4
collision_mask = 17
joint_type = 3
joint_offset = Transform3D(1, 0, 0, 0, 1, 0, 0, 0, 1, -0.0013289967, 0.00011246643, 0.00013789312)
body_offset = Transform3D(0.99998915, -0.0010119826, 0.0045265704, 0.00093878806, 0.9998697, 0.016124934, -0.0045422465, -0.016119957, 0.9998599, 0.001328472, -0.00011342764, -0.00014209747)
friction = 0.4
bounce = 0.2
bone_name = "Foot_L"
joint_constraints/angular_limit_enabled = true
joint_constraints/angular_limit_upper = 45.0
joint_constraints/angular_limit_lower = -45.0
joint_constraints/angular_limit_bias = 0.3
joint_constraints/angular_limit_softness = 0.9
joint_constraints/angular_limit_relaxation = 1.0
script = ExtResource("5_eiabh")

[node name="CollisionShape3D" type="CollisionShape3D" parent="ape_orangutan/Armature_Orang/Skeleton3D/Ragdoll/Physical Bone Foot_L" unique_id=711082574]
transform = Transform3D(0.96206564, 0.254274, 0.09886648, -0.24878938, 0.9664055, -0.06453225, -0.11195397, 0.037487358, 0.993006, 0.02200979, 0.079571776, -0.010245115)
shape = SubResource("CapsuleShape3D_fnqgs")

[node name="Physical Bone Thigh_R" type="PhysicalBone3D" parent="ape_orangutan/Armature_Orang/Skeleton3D/Ragdoll" unique_id=1140794336]
transform = Transform3D(0.27579743, -0.18016, -0.019446583, -0.15135267, -0.20955586, -0.20513101, 0.09964015, 0.18035723, -0.25776562, -0.03719124, 0.083228365, -0.07752673)
collision_layer = 4
collision_mask = 17
joint_type = 2
joint_offset = Transform3D(1, 0, 0, 0, 1, 0, 0, 0, 1, 0.0024353475, -0.0017374004, 0.0073931827)
body_offset = Transform3D(0.9999795, 0.0026223809, 0.0058322996, -0.0026811808, 0.99994564, 0.010083318, -0.005805522, -0.010098785, 0.99993205, -0.002473861, 0.0016692877, -0.007396087)
friction = 0.4
bounce = 0.2
bone_name = "Thigh_R"
joint_constraints/swing_span = 65.0
joint_constraints/twist_span = 19.999992
joint_constraints/bias = 0.3
joint_constraints/softness = 0.8
joint_constraints/relaxation = 1.0
script = ExtResource("5_eiabh")

[node name="CollisionShape3D2" type="CollisionShape3D" parent="ape_orangutan/Armature_Orang/Skeleton3D/Ragdoll/Physical Bone Thigh_R" unique_id=454797116]
transform = Transform3D(0.9937549, 0.102915734, 0.043105483, -0.10113806, 0.9940035, -0.041582793, -0.0471265, 0.036963552, 0.9982048, -0.029236495, 0.125, -0.013)
shape = SubResource("CapsuleShape3D_12e65")

[node name="Physical Bone Shin_R" type="PhysicalBone3D" parent="ape_orangutan/Armature_Orang/Skeleton3D/Ragdoll" unique_id=1749021384]
