[gd_scene format=3 uid="uid://ve8nce537602"]

[ext_resource type="Script" uid="uid://lgmqlkuewowp" path="res://ape/scripts/ape_body.gd" id="1_xsmid"]
[ext_resource type="PackedScene" uid="uid://cubf81kdaddng" path="res://ape/orangutan/ape_orangutan.blend" id="2_dg7gw"]
[ext_resource type="Script" uid="uid://bb6okqe1l22n5" path="res://ape/scripts/ragdoll.gd" id="3_nf1pf"]
[ext_resource type="Script" uid="uid://qqt81cqdd6n8" path="res://ape/scripts/rigid_body_hitbox.gd" id="4_n1hoy"]
[ext_resource type="Script" uid="uid://c5ogdg5hcnibf" path="res://ape/scripts/camera_pivot.gd" id="5_qa2p8"]
[ext_resource type="Script" uid="uid://4p57jdyc06ob" path="res://ape/scripts/hand_ray_cast.gd" id="6_gh7jo"]
[ext_resource type="Script" uid="uid://dr0wqty80sjn7" path="res://ape/scripts/ape_input.gd" id="7_qifcs"]
[ext_resource type="Script" uid="uid://dnm8oseo2h6ro" path="res://ape/scripts/player_state.gd" id="8_lk782"]
[ext_resource type="Script" uid="uid://trfwgwd6pb83" path="res://ape/scripts/grabbo.gd" id="9_o015y"]
[ext_resource type="Script" uid="uid://c5gwdr6pcl066" path="res://ape/scripts/authority_manager.gd" id="10_m4k8k"]
[ext_resource type="Script" uid="uid://bvw7dpc6a2dwl" path="res://ape/scripts/animation_tree.gd" id="11_dg7gw"]

[sub_resource type="CapsuleShape3D" id="CapsuleShape3D_t2650"]
radius = 0.49902344
height = 0.9980469

[sub_resource type="JointLimitationCone3D" id="JointLimitationCone3D_vurlm"]
angle = 1.2356931

[sub_resource type="JointLimitationCone3D" id="JointLimitationCone3D_pb1wn"]
angle = 2.9761355

[sub_resource type="JointLimitationCone3D" id="JointLimitationCone3D_yop2s"]
angle = 3.9091885

[sub_resource type="CapsuleShape3D" id="CapsuleShape3D_wppca"]
radius = 0.24804688
height = 0.49609375

[sub_resource type="CylinderShape3D" id="CylinderShape3D_n5wll"]
height = 0.79833984
radius = 0.29736328

[sub_resource type="CapsuleShape3D" id="CapsuleShape3D_54pyi"]
radius = 0.2421875
height = 0.61431885

[sub_resource type="CapsuleShape3D" id="CapsuleShape3D_n5wll"]
radius = 0.14389038
height = 0.28778076

[sub_resource type="CapsuleShape3D" id="CapsuleShape3D_pe46d"]
radius = 0.17697144
height = 0.35394287

[sub_resource type="CapsuleShape3D" id="CapsuleShape3D_vurlm"]
radius = 0.18408203
height = 0.41308594

[sub_resource type="CapsuleShape3D" id="CapsuleShape3D_pb1wn"]
radius = 0.091
height = 0.508448

[sub_resource type="CapsuleShape3D" id="CapsuleShape3D_c5vop"]
radius = 0.064
height = 0.3959038

[sub_resource type="CapsuleShape3D" id="CapsuleShape3D_yop2s"]
radius = 0.07
height = 0.14

[sub_resource type="CapsuleShape3D" id="CapsuleShape3D_ah3bo"]
radius = 0.093
height = 0.413

[sub_resource type="CapsuleShape3D" id="CapsuleShape3D_cg0of"]
radius = 0.064
height = 0.32408106

[sub_resource type="CapsuleShape3D" id="CapsuleShape3D_6yin8"]
radius = 0.075
height = 0.25

[sub_resource type="SceneReplicationConfig" id="SceneReplicationConfig_wppca"]
properties/0/path = NodePath(".:transform")
properties/0/spawn = true
properties/0/replication_mode = 1
properties/1/path = NodePath(".:velocity")
properties/1/spawn = true
properties/1/replication_mode = 1
properties/2/path = NodePath("PlayerState:current_state")
properties/2/spawn = true
properties/2/replication_mode = 1
properties/3/path = NodePath("LookPivot:rotation")
properties/3/spawn = true
properties/3/replication_mode = 1
properties/4/path = NodePath("ape_orangutan:transform")
properties/4/spawn = true
properties/4/replication_mode = 1
properties/5/path = NodePath("ape_orangutan/Armature_Orang/Skeleton3D/ArmRightIK:influence")
properties/5/spawn = true
properties/5/replication_mode = 1
properties/6/path = NodePath("HangJointRight:transform")
properties/6/spawn = true
properties/6/replication_mode = 1
properties/7/path = NodePath("HangJointRight:node_a")
properties/7/spawn = true
properties/7/replication_mode = 1
properties/8/path = NodePath("HangJointRight:node_b")
properties/8/spawn = true
properties/8/replication_mode = 1

[sub_resource type="AnimationNodeAnimation" id="AnimationNodeAnimation_dg7gw"]
animation = &"Orang_Walk"

[sub_resource type="AnimationNodeAnimation" id="AnimationNodeAnimation_saxvm"]
animation = &"Orang_crouch"

[sub_resource type="AnimationNodeAnimation" id="AnimationNodeAnimation_g16rh"]
animation = &"Orang_idle"

[sub_resource type="AnimationNodeStateMachineTransition" id="AnimationNodeStateMachineTransition_e25ti"]
advance_mode = 2

[sub_resource type="AnimationNodeStateMachineTransition" id="AnimationNodeStateMachineTransition_6fun5"]
xfade_time = 0.2
advance_mode = 2
advance_expression = "ape.velocity.length()>0"

[sub_resource type="Curve" id="Curve_dg7gw"]
_data = [Vector2(0, 0), 0.0, 0.0, 0, 0, Vector2(0.5047259, 0.7999315), 1.1129055, 1.1129055, 0, 0, Vector2(1, 1), 0.0, 0.0, 0, 0]
point_count = 3

[sub_resource type="AnimationNodeStateMachineTransition" id="AnimationNodeStateMachineTransition_pv3yb"]
xfade_time = 0.1
xfade_curve = SubResource("Curve_dg7gw")
advance_mode = 2
advance_expression = "!ape.is_on_floor()"

[sub_resource type="AnimationNodeStateMachineTransition" id="AnimationNodeStateMachineTransition_irwbq"]
xfade_time = 0.1
advance_mode = 2
advance_expression = "ape.is_on_floor()"

[sub_resource type="AnimationNodeStateMachineTransition" id="AnimationNodeStateMachineTransition_dg7gw"]
xfade_time = 0.25
advance_mode = 2
advance_expression = "ape.velocity.length()==0"

[sub_resource type="AnimationNodeStateMachineTransition" id="AnimationNodeStateMachineTransition_eiabh"]
xfade_time = 0.1
xfade_curve = SubResource("Curve_dg7gw")
advance_mode = 2
advance_expression = "!ape.is_on_floor()"

[sub_resource type="AnimationNodeStateMachine" id="AnimationNodeStateMachine_b4p6a"]
states/Orang_Walk/node = SubResource("AnimationNodeAnimation_dg7gw")
states/Orang_Walk/position = Vector2(254, 199)
states/Orang_crouch/node = SubResource("AnimationNodeAnimation_saxvm")
states/Orang_crouch/position = Vector2(398, 29)
states/Orang_idle/node = SubResource("AnimationNodeAnimation_g16rh")
states/Orang_idle/position = Vector2(240, 100)
states/Start/position = Vector2(86, 94)
transitions = ["Start", "Orang_idle", SubResource("AnimationNodeStateMachineTransition_e25ti"), "Orang_idle", "Orang_Walk", SubResource("AnimationNodeStateMachineTransition_6fun5"), "Orang_idle", "Orang_crouch", SubResource("AnimationNodeStateMachineTransition_pv3yb"), "Orang_crouch", "Orang_idle", SubResource("AnimationNodeStateMachineTransition_irwbq"), "Orang_Walk", "Orang_idle", SubResource("AnimationNodeStateMachineTransition_dg7gw"), "Orang_Walk", "Orang_crouch", SubResource("AnimationNodeStateMachineTransition_eiabh")]

[sub_resource type="AnimationNodeBlendTree" id="AnimationNodeBlendTree_l1uv5"]
graph_offset = Vector2(-114.6264, -14.308838)
nodes/StateMachine/node = SubResource("AnimationNodeStateMachine_b4p6a")
nodes/StateMachine/position = Vector2(-40, 140)
node_connections = [&"output", 0, &"StateMachine"]

[node name="Player" type="CharacterBody3D" unique_id=1802699836 node_paths=PackedStringArray("input", "camera", "look", "model", "state")]
collision_layer = 2
collision_mask = 3
script = ExtResource("1_xsmid")
speed = 3.0
ground_rotation_speed = 5.0
input = NodePath("Input")
camera = NodePath("LookPivot/Camera3D")
look = NodePath("LookPivot")
model = NodePath("ape_orangutan")
state = NodePath("PlayerState")

[node name="CollisionShape3D" type="CollisionShape3D" parent="." unique_id=971283472]
transform = Transform3D(-4.371139e-08, 1, 0, -1, -4.371139e-08, 0, 0, 0, 1, 0, 0.47509766, -0.11836536)
visible = false
shape = SubResource("CapsuleShape3D_t2650")

[node name="ape_orangutan" parent="." unique_id=1487470283 instance=ExtResource("2_dg7gw")]
transform = Transform3D(-1, 0, -8.742278e-08, 0, 1, 0, 8.742278e-08, 0, -1, 0, 0, 0)

[node name="Skeleton3D" parent="ape_orangutan/Armature_Orang" parent_id_path=PackedInt32Array(1487470283, 637657304) index="0" unique_id=1638835662]
bones/1/position = Vector3(4.0300865e-14, 1.9426478, 0.3974252)
bones/2/position = Vector3(-0.3603421, 0.12570447, 0.53421086)
bones/2/rotation = Quaternion(4.3697188e-08, -0.02548535, 0.9996752, -1.1139992e-09)
bones/3/position = Vector3(-0.3009643, 0.47386995, 0.111370206)
bones/3/rotation = Quaternion(-0.19421354, 0.6900166, -0.69268316, 0.0796758)
bones/4/position = Vector3(-0.06873547, 0.30028573, 0.42565292)
bones/5/position = Vector3(-0.14016512, -0.05082156, 0.061301384)
bones/5/rotation = Quaternion(0.11915757, -0.6993286, 0.28120747, 0.64626884)
bones/6/position = Vector3(0.36034217, 0.12570447, 0.5342109)
bones/6/rotation = Quaternion(4.3697188e-08, -0.02548535, 0.9996752, -1.1139992e-09)
bones/7/position = Vector3(0.3009643, 0.47386995, 0.111370206)
bones/7/rotation = Quaternion(0.19421357, 0.6900166, -0.6926832, -0.07967582)
bones/8/position = Vector3(0.06873547, 0.30028573, 0.42565292)
bones/9/position = Vector3(0.14016512, -0.05082156, 0.061301384)
bones/9/rotation = Quaternion(0.11915757, 0.6993286, -0.28120747, 0.64626884)
bones/10/position = Vector3(6.651855e-05, -0.13745527, 0.27577022)
bones/10/rotation = Quaternion(1.337673e-07, 0.95927763, 0.28246528, 5.354455e-07)
bones/11/rotation = Quaternion(0.18387298, 8.16876e-08, -1.6035972e-07, 0.98295003)
bones/12/rotation = Quaternion(0.27101246, 1.4766092e-06, 2.1070193e-07, 0.9625759)
bones/13/rotation = Quaternion(-0.1618355, -3.4860825e-06, -2.2855653e-05, 0.9868178)
bones/16/rotation = Quaternion(0.7679745, 0.63040596, 0.0876856, 0.07151846)
bones/17/rotation = Quaternion(-0.12631269, -0.45187798, 0.10338568, 0.87701935)
bones/18/rotation = Quaternion(-0.5904338, -0.19999082, 0.6473787, 0.4385118)
bones/19/rotation = Quaternion(0.37055466, -0.16702817, -0.5565168, 0.72462404)
bones/20/rotation = Quaternion(0.61488503, 0.08976859, -0.15805171, 0.7673837)
bones/21/rotation = Quaternion(0.8402194, 0.015071286, -0.034139547, 0.540961)
bones/22/rotation = Quaternion(0.5259907, -0.28141648, -0.06729437, 0.7997562)
bones/24/rotation = Quaternion(0.62400496, -0.08488151, -0.223102, 0.74406886)
bones/25/rotation = Quaternion(0.73857147, 0.110073835, -0.29959065, 0.5938361)
bones/26/rotation = Quaternion(0.7680035, -0.63044155, -0.08742968, 0.07120644)
bones/27/rotation = Quaternion(-0.12645434, 0.4518874, -0.103581175, 0.87697095)
bones/28/rotation = Quaternion(-0.5904489, 0.19997437, -0.6473945, 0.43847567)
bones/29/rotation = Quaternion(0.37070227, 0.16602287, 0.5566082, 0.7247093)
bones/30/rotation = Quaternion(0.614885, -0.08976861, 0.15805167, 0.7673837)
bones/31/rotation = Quaternion(0.8402194, -0.015071329, 0.03413956, 0.54096097)
bones/32/position = Vector3(0.018465336, 0.105905615, 0.014835339)
bones/32/rotation = Quaternion(0.62400496, 0.084881485, 0.22310194, 0.7440689)
bones/33/rotation = Quaternion(0.73857135, -0.110073835, 0.2995907, 0.59383625)
bones/34/rotation = Quaternion(0.52599066, 0.28141657, 0.06729435, 0.7997563)
bones/36/rotation = Quaternion(0.65536684, 0.72970366, 0.09139436, 0.17226127)
bones/37/rotation = Quaternion(-0.19542287, -0.66705453, 0.22869384, 0.681577)
bones/38/rotation = Quaternion(0.71929103, -0.017833209, 0.6404052, 0.26867017)
bones/39/rotation = Quaternion(-0.36000142, 0.14971301, -0.9207394, -0.014963178)
bones/40/rotation = Quaternion(-0.034143746, 0.88755524, -0.06985925, 0.45409206)
bones/41/position = Vector3(0.039142445, 0.028837094, 0.03866555)
bones/41/rotation = Quaternion(-0.15224452, -0.8453407, 0.037964676, 0.5106657)
bones/42/rotation = Quaternion(0.00847299, 0.8855601, -0.0923494, -0.4551737)
bones/43/position = Vector3(-0.043649405, -0.024467414, -0.058716673)
bones/43/rotation = Quaternion(0.016035995, 0.86718106, -0.48570782, -0.10875581)
bones/44/rotation = Quaternion(-0.03783698, -0.4003064, 0.03324155, 0.91499627)
bones/45/rotation = Quaternion(-0.6553667, 0.7297035, 0.09139517, -0.17226207)
bones/46/rotation = Quaternion(-0.1957115, 0.66694015, -0.22895521, 0.68151844)
bones/47/rotation = Quaternion(0.7193019, 0.017829979, -0.640415, 0.2686177)
bones/48/rotation = Quaternion(-0.35989982, -0.1493083, 0.9208427, -0.015096009)
bones/49/rotation = Quaternion(0.034143798, 0.88755524, -0.069859274, -0.45409206)
bones/50/position = Vector3(-0.03914247, 0.028837115, 0.03866558)
bones/50/rotation = Quaternion(-0.15224443, 0.8453408, -0.037964568, 0.5106656)
bones/51/rotation = Quaternion(-0.008472929, 0.8855601, -0.09234924, 0.45517376)
bones/52/position = Vector3(0.043649398, -0.024467422, -0.05871666)
bones/52/rotation = Quaternion(-0.016036, 0.8671811, -0.48570767, 0.10875581)
bones/53/rotation = Quaternion(-0.037836928, 0.4003064, -0.03324153, 0.91499627)

[node name="Head" type="BoneAttachment3D" parent="ape_orangutan/Armature_Orang/Skeleton3D" index="1" unique_id=1092656707]
transform = Transform3D(0.9999999, 5.1188505e-05, 5.4359016e-06, -3.603247e-06, 0.17494768, -0.9845774, -5.135007e-05, 0.98457766, 0.17494753, -6.213443e-05, 0.44808507, 0.3476376)
bone_name = "Head"
bone_idx = 13

[node name="Hand_R" type="BoneAttachment3D" parent="ape_orangutan/Armature_Orang/Skeleton3D" index="2" unique_id=1106184745]
transform = Transform3D(0.77025837, -0.085103385, -0.63202727, -0.33068004, 0.79411525, -0.5099325, 0.54529977, 0.60177904, 0.5835321, -0.13707985, 0.79218566, 0.8726234)
bone_name = "Hand_R"
bone_idx = 29

[node name="HoldingSpaceRight" type="Marker3D" parent="ape_orangutan/Armature_Orang/Skeleton3D/Hand_R" unique_id=1326193733]
transform = Transform3D(0.99999946, -1.0058284e-06, -1.7881393e-07, 9.797513e-07, 0.9999993, 1.1324883e-06, 1.6391277e-07, -1.4007092e-06, 0.9999991, -0.03665997, 0.08608669, 0.0808467)

[node name="Spine" type="BoneAttachment3D" parent="ape_orangutan/Armature_Orang/Skeleton3D" index="3" unique_id=581318483]
transform = Transform3D(0.9999999, 8.786601e-06, -9.821524e-07, -2.717507e-06, 0.19975281, -0.97984624, -8.413334e-06, 0.9798465, 0.1997526, -6.6504435e-05, 0.44257706, -0.017621964)
bone_name = "Spine"
bone_idx = 11

[node name="RayCast3D" type="RayCast3D" parent="ape_orangutan/Armature_Orang/Skeleton3D/Spine" unique_id=639199195 node_paths=PackedStringArray("target_child", "ignore_these")]
transform = Transform3D(-1, -2.5189154e-06, 8.557606e-06, -8.854693e-06, 0.18762134, -0.98224175, 8.6882204e-07, -0.982241, -0.18762168, -0.32130536, 0.21029215, 0.012489617)
target_position = Vector3(0, 0, -1.605)
collision_mask = 17
debug_shape_custom_color = Color(1, 0.3447545, 0.55754477, 1)
debug_shape_thickness = 5
script = ExtResource("6_gh7jo")
target_child = NodePath("../../../../../LookPivot/HandTargetRight")
ignore_these = [NodePath("../../../../..")]

[node name="SpineLookAt" type="LookAtModifier3D" parent="ape_orangutan/Armature_Orang/Skeleton3D" index="4" unique_id=360982078]
transform = Transform3D(3.030303, 0, 0, 0, 3.030303, 0, 0, 0, 3.030303, 0, 0, 0)
influence = 0.25
target_node = NodePath("../../../../LookPivot/LookAtMe")
bone_name = "Spine"
bone = 11
forward_axis = 2
primary_rotation_axis = 2
relative = true
duration = 0.15
transition_type = 1
ease_type = 2

[node name="NeckLookAt" type="LookAtModifier3D" parent="ape_orangutan/Armature_Orang/Skeleton3D" index="5" unique_id=415999757]
transform = Transform3D(3.030303, 0, 0, 0, 3.030303, 0, 0, 0, 3.030303, 0, 0, 0)
influence = 0.25
target_node = NodePath("../../../../LookPivot/LookAtMe")
bone_name = "Neck"
bone = 12
forward_axis = 2
primary_rotation_axis = 0
relative = true
duration = 0.15
transition_type = 1
ease_type = 2

[node name="HeadLookAt" type="LookAtModifier3D" parent="ape_orangutan/Armature_Orang/Skeleton3D" index="6" unique_id=1610885507]
transform = Transform3D(3.030303, 0, 0, 0, 3.030303, 0, 0, 0, 3.030303, 0, 0, 0)
influence = 0.5
target_node = NodePath("../../../../LookPivot/LookAtMe")
bone_name = "Head"
bone = 13
forward_axis = 2
primary_rotation_axis = 2
relative = true
duration = 0.15
transition_type = 1
ease_type = 2

[node name="ArmRightIK" type="JacobianIK3D" parent="ape_orangutan/Armature_Orang/Skeleton3D" index="7" unique_id=504262015]
angular_delta_limit = 0.08726646259971647
setting_count = 1
settings/0/target_node = NodePath("../../../../LookPivot/HandTargetRight")
settings/0/root_bone_name = "Shoulder_R"
settings/0/root_bone = 26
settings/0/end_bone_name = "Finger_R"
settings/0/end_bone = 30
settings/0/extend_end_bone = false
settings/0/joint_count = 5
settings/0/joints/0/rotation_axis = 3
settings/0/joints/0/limitation = SubResource("JointLimitationCone3D_vurlm")
settings/0/joints/0/limitation/right_axis = 2
settings/0/joints/0/limitation/rotation_offset = Quaternion(0.165, -1.095, -0.035, 1.31)
settings/0/joints/1/rotation_axis = 3
settings/0/joints/1/limitation = SubResource("JointLimitationCone3D_pb1wn")
settings/0/joints/1/limitation/right_axis = 0
settings/0/joints/1/limitation/rotation_offset = Quaternion(0, 0.48, -0.095, -0.41)
settings/0/joints/2/rotation_axis = 3
settings/0/joints/2/limitation = SubResource("JointLimitationCone3D_yop2s")
settings/0/joints/2/limitation/right_axis = 0
settings/0/joints/2/limitation/rotation_offset = Quaternion(-0.84, -0.105, -0.225, 0.95)
settings/0/joints/3/rotation_axis = 3
settings/0/joints/3/limitation = null
settings/0/joints/4/rotation_axis = 3
settings/0/joints/4/limitation = null

[node name="Ragdoll" type="PhysicalBoneSimulator3D" parent="ape_orangutan/Armature_Orang/Skeleton3D" index="8" unique_id=589803041 node_paths=PackedStringArray("input", "state", "ape", "skeleton", "look_pivot")]
transform = Transform3D(3.030303, 0, 0, 0, 3.030303, 0, 0, 0, 3.030303, 0, 0, 0)
influence = 0.0
script = ExtResource("3_nf1pf")
input = NodePath("../../../../Input")
state = NodePath("../../../../PlayerState")
ape = NodePath("../../../..")
skeleton = NodePath("..")
look_pivot = NodePath("../../../../LookPivot")
get_up_speed = 2.5

[node name="Physical Bone Pelvis" type="PhysicalBone3D" parent="ape_orangutan/Armature_Orang/Skeleton3D/Ragdoll" unique_id=406821728]
transform = Transform3D(0.33, 6.9263777e-09, -3.746471e-07, -3.1861074e-07, 0.17884414, -0.27733514, 1.9721972e-07, 0.27733514, 0.17884414, -2.214127e-05, 0.09212537, -0.09236726)
collision_layer = 4
joint_type = 2
joint_offset = Transform3D(1, 0, 0, 0, 1, 0, 0, 0, 1, 5.816287e-07, 0.0011772477, 0.004801906)
body_offset = Transform3D(1.0000001, -2.4895854e-08, -3.2444404e-08, 2.489665e-08, 0.9999999, 3.1799078e-05, 3.2444007e-08, -3.1858683e-05, 1.0000002, -5.814436e-07, -0.0011774004, -0.0048018694)
friction = 0.4
bounce = 0.2
bone_name = "Pelvis"
joint_constraints/swing_span = 9.999996
joint_constraints/twist_span = 180.0
joint_constraints/bias = 0.3
joint_constraints/softness = 0.8
joint_constraints/relaxation = 1.0

[node name="CollisionShape3D" type="CollisionShape3D" parent="ape_orangutan/Armature_Orang/Skeleton3D/Ragdoll/Physical Bone Pelvis" unique_id=1414895023]
transform = Transform3D(1, 1.7763568e-15, -7.1054274e-15, 0, 0, 1, 0, -1, 0, -1.5464547e-08, 0.1585498, 0.107316256)
shape = SubResource("CapsuleShape3D_wppca")

[node name="PushablePusher" type="Area3D" parent="ape_orangutan/Armature_Orang/Skeleton3D/Ragdoll/Physical Bone Pelvis" unique_id=1087675309 node_paths=PackedStringArray("ape", "state", "ragdoll")]
transform = Transform3D(1, 2.6310645e-06, 7.969869e-06, -7.973456e-06, 0.58685553, 0.80969155, -2.5543834e-06, -0.80969167, 0.5868559, -1.0043368e-06, -0.023659497, 0.62496156)
collision_layer = 0
collision_mask = 16
script = ExtResource("4_n1hoy")
ape = NodePath("../../../../../..")
state = NodePath("../../../../../../PlayerState")
ragdoll = NodePath("../..")

[node name="CollisionShape3D" type="CollisionShape3D" parent="ape_orangutan/Armature_Orang/Skeleton3D/Ragdoll/Physical Bone Pelvis/PushablePusher" unique_id=2006120402]
transform = Transform3D(1, -8.242296e-13, -1.8189894e-11, -3.7800874e-12, 1.0000018, -3.7252903e-09, 9.094947e-13, -2.9802322e-08, 1.0000018, -4.2164174e-08, 0.6047479, 0.0020746924)
shape = SubResource("CylinderShape3D_n5wll")

[node name="Physical Bone Spine" type="PhysicalBone3D" parent="ape_orangutan/Armature_Orang/Skeleton3D/Ragdoll" unique_id=1598314396]
transform = Transform3D(0.33, 2.832752e-06, -3.37609e-07, -8.9672017e-07, 0.0659262, -0.32334772, -2.7082015e-06, 0.32334772, 0.0659262, -2.2305501e-05, 0.14861903, -0.0058349255)
collision_layer = 4
joint_type = 2
joint_offset = Transform3D(1, 0, 0, 0, 1, 0, 0, 0, 1, 1.1086412e-06, -0.0014965525, 0.0076385965)
body_offset = Transform3D(1.0000001, -2.0252719e-07, -4.1117687e-08, 2.0253356e-07, 0.9999999, 2.4229288e-05, 4.111166e-08, -2.4065375e-05, 1.0000001, -1.1086304e-06, 0.0014963672, -0.0076386333)
friction = 0.4
bounce = 0.2
bone_name = "Spine"
joint_constraints/swing_span = 4.999998
joint_constraints/twist_span = 39.999985
joint_constraints/bias = 0.3
joint_constraints/softness = 0.8
joint_constraints/relaxation = 1.0

[node name="CollisionShape3D" type="CollisionShape3D" parent="ape_orangutan/Armature_Orang/Skeleton3D/Ragdoll/Physical Bone Spine" unique_id=445052303]
transform = Transform3D(1, 3.5063195e-07, 2.3518237e-07, -4.016751e-07, 0.96167964, 0.2741776, -1.3003512e-07, -0.2741777, 0.9616792, -8.0137e-08, 0.076402396, 0.117420435)
shape = SubResource("CapsuleShape3D_54pyi")

[node name="Physical Bone Neck" type="PhysicalBone3D" parent="ape_orangutan/Armature_Orang/Skeleton3D/Ragdoll" unique_id=1219001923]
transform = Transform3D(0.33, 5.084675e-06, -1.0244722e-06, 7.738104e-08, -0.06999829, -0.32249072, -5.1862776e-06, 0.32249072, -0.06999829, -2.1706353e-05, 0.16233699, 0.06133118)
collision_layer = 4
collision_mask = 17
joint_type = 2
joint_offset = Transform3D(1, 0, 0, 0, 1, 0, 0, 0, 1, 1.1134138e-06, -0.0008750778, 0.008814451)
body_offset = Transform3D(1.0000001, 1.4207944e-07, -5.971947e-08, -1.4217403e-07, 0.9999988, -0.0016890019, 5.947345e-08, 0.0016892999, 0.9999989, -1.1127631e-06, 0.0008899644, -0.008812964)
friction = 0.4
bounce = 0.2
bone_name = "Neck"
joint_constraints/swing_span = 19.999992
joint_constraints/twist_span = 24.999996
joint_constraints/bias = 0.3
joint_constraints/softness = 0.8
joint_constraints/relaxation = 1.0

[node name="CollisionShape3D" type="CollisionShape3D" parent="ape_orangutan/Armature_Orang/Skeleton3D/Ragdoll/Physical Bone Neck" unique_id=465597284]
transform = Transform3D(1, 1.106147e-06, 2.768926e-07, -1.1006739e-06, 0.8516721, 0.524075, 3.1126189e-07, -0.524075, 0.8516723, 6.4844244e-08, 0.14075811, 0.053019404)
shape = SubResource("CapsuleShape3D_n5wll")

[node name="Physical Bone Head" type="PhysicalBone3D" parent="ape_orangutan/Armature_Orang/Skeleton3D/Ragdoll" unique_id=1121487032]
transform = Transform3D(0.33, 1.7863367e-05, 1.9306071e-06, -1.224311e-06, 0.05773255, -0.3249107, -1.7925631e-05, 0.32491073, 0.057732545, -2.0885864e-05, 0.15052097, 0.11629124)
collision_layer = 4
collision_mask = 17
joint_type = 2
joint_offset = Transform3D(1, 0, 0, 0, 1, 0, 0, 0, 1, 1.4444597e-06, -0.0060930806, 0.007082285)
body_offset = Transform3D(1.0000001, 2.942903e-06, 4.144449e-07, -2.9428884e-06, 1.0000001, -4.7683716e-07, -4.1445765e-07, 5.9604645e-07, 1.0000004, -1.4294637e-06, 0.006093085, -0.0070822835)
friction = 0.4
bounce = 0.2
bone_name = "Head"
joint_constraints/swing_span = 24.999996
joint_constraints/twist_span = 19.999992
joint_constraints/bias = 0.3
joint_constraints/softness = 0.8
joint_constraints/relaxation = 1.0

[node name="CollisionShape3D" type="CollisionShape3D" parent="ape_orangutan/Armature_Orang/Skeleton3D/Ragdoll/Physical Bone Head" unique_id=600854772]
transform = Transform3D(0.99994695, -0.002134634, -0.010077274, 0.00027098507, 0.9834103, -0.18141994, 0.010297311, 0.1814082, 0.9833542, 9.1708825e-05, 0.111748844, 0.022595644)
shape = SubResource("CapsuleShape3D_pe46d")

[node name="Physical Bone Shoulder_L" type="PhysicalBone3D" parent="ape_orangutan/Armature_Orang/Skeleton3D/Ragdoll" unique_id=1011885616]
transform = Transform3D(0.06283071, 0.3154281, 0.07387439, 0.05017333, -0.08381741, 0.3152099, 0.32005462, -0.048782837, -0.06391631, -2.2528564e-05, 0.16237871, 0.061546087)
collision_layer = 4
collision_mask = 17
joint_type = 2
joint_offset = Transform3D(1, 0, 0, 0, 1, 0, 0, 0, 1, -0.0045743277, 0.0026753093, -0.007516585)
body_offset = Transform3D(1, -0.00064086914, 0.0001090616, 0.00064118207, 0.99999976, -0.0010584705, -0.000108495355, 0.0010586455, 0.9999998, 0.004576862, -0.0026803315, 0.007513255)
friction = 0.4
bounce = 0.2
bone_name = "Shoulder_L"
joint_constraints/swing_span = 39.999985
joint_constraints/twist_span = 9.999996
joint_constraints/bias = 0.3
joint_constraints/softness = 0.8
joint_constraints/relaxation = 1.0

[node name="CollisionShape3D" type="CollisionShape3D" parent="ape_orangutan/Armature_Orang/Skeleton3D/Ragdoll/Physical Bone Shoulder_L" unique_id=1065188310]
transform = Transform3D(1.0000013, 6.482005e-07, 0, -9.313226e-10, 1.0000005, 6.519258e-09, 0, -1.9324943e-07, 1.0000004, 0.0056129694, 0.126, -0.07021457)
shape = SubResource("CapsuleShape3D_vurlm")

[node name="Physical Bone Arm_Upper_L" type="PhysicalBone3D" parent="ape_orangutan/Armature_Orang/Skeleton3D/Ragdoll" unique_id=501162425]
transform = Transform3D(0.18877591, 0.2691739, 0.0284444, 0.2442425, -0.18434599, 0.12354016, 0.11665875, -0.0496184, -0.30467814, 0.07051954, 0.14315344, 0.052142106)
collision_layer = 4
collision_mask = 17
joint_type = 2
joint_offset = Transform3D(1, 0, 0, 0, 1, 0, 0, 0, 1, -0.00774442, 0.0065069078, 0.004589396)
body_offset = Transform3D(0.999926, -0.010360349, -0.0064457655, 0.010336801, 0.99994, -0.003741309, 0.0064843893, 0.0036742836, 0.9999722, 0.007840842, -0.006409295, -0.004562959)
friction = 0.4
bounce = 0.2
bone_name = "Arm_Upper_L"
joint_constraints/swing_span = 49.999992
joint_constraints/twist_span = 30.0
joint_constraints/bias = 0.3
joint_constraints/softness = 0.8
joint_constraints/relaxation = 1.0

[node name="CollisionShape3D" type="CollisionShape3D" parent="ape_orangutan/Armature_Orang/Skeleton3D/Ragdoll/Physical Bone Arm_Upper_L" unique_id=1140243226]
transform = Transform3D(0.9999997, 1.4882535e-06, 1.9669533e-06, -3.259629e-08, 0.99999535, 1.3299286e-06, 1.7881393e-07, -3.091991e-07, 0.9999914, 0.005, 0.216, -0.014)
shape = SubResource("CapsuleShape3D_pb1wn")

[node name="Physical Bone Arm_Lower_L" type="PhysicalBone3D" parent="ape_orangutan/Armature_Orang/Skeleton3D/Ragdoll" unique_id=1790107468]
transform = Transform3D(0.21765618, -0.22678553, -0.10046955, -0.19951154, -0.0806451, -0.250183, 0.14738032, 0.22575365, -0.19030069, 0.184927, 0.06669123, 0.030667743)
collision_layer = 4
collision_mask = 17
joint_type = 3
joint_offset = Transform3D(1, 0, 0, 0, 1, 0, 0, 0, 1, -0.0030786481, 0.0042200424, 0.0060035307)
body_offset = Transform3D(0.99991167, 0.012959182, -0.0030771196, -0.012929827, 0.99987173, 0.009473324, 0.0031993687, -0.009432316, 0.99995065, 0.0030421615, -0.004316181, -0.00595358)
friction = 0.4
bounce = 0.2
bone_name = "Arm_Lower_L"
joint_constraints/angular_limit_enabled = true
joint_constraints/angular_limit_upper = 99.999985
joint_constraints/angular_limit_lower = -99.999985
joint_constraints/angular_limit_bias = 0.3
joint_constraints/angular_limit_softness = 0.9
joint_constraints/angular_limit_relaxation = 1.0

[node name="CollisionShape3D" type="CollisionShape3D" parent="ape_orangutan/Armature_Orang/Skeleton3D/Ragdoll/Physical Bone Arm_Lower_L" unique_id=271854951]
transform = Transform3D(0.9925505, -0.0112032555, -0.12131918, 0.008724622, 0.9997458, -0.020942487, 0.12152221, 0.019728009, 0.9923958, 0, 0.232, -0.021)
shape = SubResource("CapsuleShape3D_c5vop")

[node name="Physical Bone Hand_L" type="PhysicalBone3D" parent="ape_orangutan/Armature_Orang/Skeleton3D/Ragdoll" unique_id=711070125]
transform = Transform3D(0.2993472, 0.05348668, -0.12818125, 0.05435676, -0.32537273, -0.008827826, -0.12781471, -0.013105858, -0.30395994, 0.102404125, 0.036972705, 0.11043397)
collision_layer = 4
collision_mask = 17
joint_type = 3
joint_offset = Transform3D(1, 0, 0, 0, 1, 0, 0, 0, 1, -0.009114375, 0.00033588568, 0.003813705)
body_offset = Transform3D(0.99993324, 0.005839615, -0.0100108385, -0.005844079, 0.99998295, -0.00042035803, 0.010007858, 0.00047878176, 0.9999499, 0.0091499835, -0.00038754195, -0.003722459)
friction = 0.4
bounce = 0.2
bone_name = "Hand_L"
joint_constraints/angular_limit_enabled = true
joint_constraints/angular_limit_upper = 45.0
joint_constraints/angular_limit_lower = -45.0
joint_constraints/angular_limit_bias = 0.3
joint_constraints/angular_limit_softness = 0.9
joint_constraints/angular_limit_relaxation = 1.0

[node name="CollisionShape3D" type="CollisionShape3D" parent="ape_orangutan/Armature_Orang/Skeleton3D/Ragdoll/Physical Bone Hand_L" unique_id=33125335]
transform = Transform3D(0.9968977, 0.0677148, -0.03972742, -0.076128095, 0.9574342, -0.27840218, 0.019184709, 0.28056636, 0.9596361, -0.0068920404, 0.07364557, 0.02949211)
shape = SubResource("CapsuleShape3D_yop2s")

[node name="Physical Bone Shoulder_R" type="PhysicalBone3D" parent="ape_orangutan/Armature_Orang/Skeleton3D/Ragdoll" unique_id=1168480884]
transform = Transform3D(-0.09453192, -0.31048036, -0.059713304, -0.08009393, -0.036775902, 0.3180134, -0.3058573, 0.10559118, -0.0648215, 0.00051691727, 0.16223417, 0.061159253)
collision_layer = 4
collision_mask = 17
joint_type = 2
joint_offset = Transform3D(1, 0, 0, 0, 1, 0, 0, 0, 1, 0.0044798674, 0.0017339976, -0.007093778)
body_offset = Transform3D(0.999982, -0.006030023, 6.6548586e-05, 0.0060296357, 0.999968, 0.0053242333, -9.845197e-05, -0.0053238124, 0.99998635, -0.0044688582, -0.0017231852, 0.0071033537)
friction = 0.4
bounce = 0.2
bone_name = "Shoulder_R"
joint_constraints/swing_span = 39.999985
joint_constraints/twist_span = 9.999996
joint_constraints/bias = 0.3
joint_constraints/softness = 0.8
joint_constraints/relaxation = 1.0

[node name="CollisionShape3D" type="CollisionShape3D" parent="ape_orangutan/Armature_Orang/Skeleton3D/Ragdoll/Physical Bone Shoulder_R" unique_id=324984087]
transform = Transform3D(1.0000013, 6.482005e-07, 0, -9.313226e-10, 1.0000005, 6.519258e-09, 0, -1.9324943e-07, 1.0000004, 0.0056129694, 0.126, -0.07021457)
shape = SubResource("CapsuleShape3D_vurlm")

[node name="Physical Bone Arm_Upper_R" type="PhysicalBone3D" parent="ape_orangutan/Armature_Orang/Skeleton3D/Ragdoll" unique_id=1907136194]
transform = Transform3D(-0.1638236, -0.09234254, -0.27117285, -0.271473, 0.14977688, 0.11300141, 0.091456294, 0.27917695, -0.15031967, -0.069499254, 0.15426935, 0.0839993)
collision_layer = 4
collision_mask = 17
joint_type = 2
joint_offset = Transform3D(1, 0, 0, 0, 1, 0, 0, 0, 1, 0.007381176, -0.0040237615, -0.0009649969)
body_offset = Transform3D(0.9999874, -0.0019819438, -0.004643455, 0.0019914657, 0.9999964, 0.0019979477, 0.004639536, -0.002006799, 0.9999878, -0.007393539, 0.0040109754, 0.000922665)
friction = 0.4
bounce = 0.2
bone_name = "Arm_Upper_R"
joint_constraints/swing_span = 49.999992
joint_constraints/twist_span = 30.0
joint_constraints/bias = 0.3
joint_constraints/softness = 0.8
joint_constraints/relaxation = 1.0

[node name="CollisionShape3D" type="CollisionShape3D" parent="ape_orangutan/Armature_Orang/Skeleton3D/Ragdoll/Physical Bone Arm_Upper_R" unique_id=256822696]
transform = Transform3D(0.9999997, 1.4882535e-06, 1.9669533e-06, -3.259629e-08, 0.99999535, 1.3299286e-06, 1.7881393e-07, -3.091991e-07, 0.9999914, 0.005, 0.216, -0.014)
shape = SubResource("CapsuleShape3D_pb1wn")

[node name="Physical Bone Arm_Lower_R" type="PhysicalBone3D" parent="ape_orangutan/Armature_Orang/Skeleton3D/Ragdoll" unique_id=1546893214]
transform = Transform3D(0.25456208, 0.1778187, -0.11170795, -0.19376087, 0.1312118, -0.23268047, -0.080962226, 0.24507955, 0.20562379, -0.11020412, 0.21413732, 0.19480251)
collision_layer = 4
collision_mask = 17
joint_type = 3
joint_offset = Transform3D(1, 0, 0, 0, 1, 0, 0, 0, 1, 0.0026852668, 0.010558303, 0.007792115)
body_offset = Transform3D(0.99993163, 0.011628464, -0.0015840083, -0.011626154, 0.99993175, 0.0012308955, 0.0015981346, -0.0012124181, 0.99999815, -0.0027955174, -0.010535955, -0.0077835917)
friction = 0.4
bounce = 0.2
bone_name = "Arm_Lower_R"
joint_constraints/angular_limit_enabled = true
joint_constraints/angular_limit_upper = 99.999985
joint_constraints/angular_limit_lower = -99.999985
joint_constraints/angular_limit_bias = 0.3
joint_constraints/angular_limit_softness = 0.9
joint_constraints/angular_limit_relaxation = 1.0

[node name="CollisionShape3D" type="CollisionShape3D" parent="ape_orangutan/Armature_Orang/Skeleton3D/Ragdoll/Physical Bone Arm_Lower_R" unique_id=794629075]
transform = Transform3D(0.9925501, -0.011203334, -0.12131892, 0.008724712, 0.9997459, -0.020942673, 0.12152193, 0.019728184, 0.99239516, 0.011639893, 0.20806396, -0.032878965)
shape = SubResource("CapsuleShape3D_c5vop")

[node name="Physical Bone Hand_R" type="PhysicalBone3D" parent="ape_orangutan/Armature_Orang/Skeleton3D/Ragdoll" unique_id=1685063262]
transform = Transform3D(0.25311005, -0.028336244, -0.20983891, -0.110223286, 0.26159754, -0.16827823, 0.18079306, 0.1991577, 0.1911808, -0.04343563, 0.2646612, 0.28833362)
collision_layer = 4
collision_mask = 17
joint_type = 3
joint_offset = Transform3D(1, 0, 0, 0, 1, 0, 0, 0, 1, -0.001516794, -0.007987173, 0.007830468)
body_offset = Transform3D(0.9999863, 0.0008158684, -0.0052517653, -0.0008276999, 0.9999975, -0.0021989048, 0.0052499473, 0.0022034645, 0.99998415, 0.0015644133, 0.008003116, -0.007804781)
friction = 0.4
bounce = 0.2
bone_name = "Hand_R"
joint_constraints/angular_limit_enabled = true
joint_constraints/angular_limit_upper = 45.0
joint_constraints/angular_limit_lower = -45.0
joint_constraints/angular_limit_bias = 0.3
joint_constraints/angular_limit_softness = 0.9
joint_constraints/angular_limit_relaxation = 1.0

[node name="CollisionShape3D" type="CollisionShape3D" parent="ape_orangutan/Armature_Orang/Skeleton3D/Ragdoll/Physical Bone Hand_R" unique_id=1080323224]
transform = Transform3D(0.9969834, 0.0671664, -0.038518496, -0.07530436, 0.95683867, -0.28066516, 0.0180047, 0.28272247, 0.9590268, 0, 0.105, 0.029)
shape = SubResource("CapsuleShape3D_yop2s")

[node name="Physical Bone Thigh_L" type="PhysicalBone3D" parent="ape_orangutan/Armature_Orang/Skeleton3D/Ragdoll" unique_id=1559074622]
transform = Transform3D(0.276122, 0.17969729, 0.019119147, 0.15284336, -0.21360226, -0.19978239, -0.0964135, 0.17601982, -0.26195702, 0.036971077, 0.08297555, -0.08269937)
collision_layer = 4
collision_mask = 17
joint_type = 2
joint_offset = Transform3D(1, 0, 0, 0, 1, 0, 0, 0, 1, -0.006234119, 0.006497855, -0.0058015944)
body_offset = Transform3D(0.9999709, -0.006502077, 0.004053548, 0.00652948, 0.9999567, -0.006685525, -0.004009947, 0.0067118704, 0.99996924, 0.0062997043, -0.0064956546, 0.0057328045)
friction = 0.4
bounce = 0.2
bone_name = "Thigh_L"
joint_constraints/swing_span = 65.0
joint_constraints/twist_span = 19.999992
joint_constraints/bias = 0.3
joint_constraints/softness = 0.8
joint_constraints/relaxation = 1.0

[node name="CollisionShape3D2" type="CollisionShape3D" parent="ape_orangutan/Armature_Orang/Skeleton3D/Ragdoll/Physical Bone Thigh_L" unique_id=294408266]
transform = Transform3D(0.993755, 0.10291572, 0.043105513, -0.10113803, 0.9940035, -0.041582793, -0.047126517, 0.036963537, 0.9982049, 0, 0.129, -0.007)
shape = SubResource("CapsuleShape3D_ah3bo")

[node name="Physical Bone Shin_L" type="PhysicalBone3D" parent="ape_orangutan/Armature_Orang/Skeleton3D/Ragdoll" unique_id=35757324]
transform = Transform3D(0.122689754, -0.2507766, 0.17594984, -0.22626516, 0.05359468, 0.2341617, -0.20652194, -0.20769864, -0.15201965, 0.09942769, 0.009989467, -0.018977648)
collision_layer = 4
collision_mask = 17
joint_type = 3
joint_offset = Transform3D(1, 0, 0, 0, 1, 0, 0, 0, 1, -0.00094418647, 0.0032014947, -0.002360439)
body_offset = Transform3D(0.9999298, -0.011313319, -0.0034562051, 0.011305034, 0.9999338, -0.0022719204, 0.0034818947, 0.0022325218, 0.99999154, 0.00097218156, -0.0031959713, 0.002356559)
friction = 0.4
bounce = 0.2
bone_name = "Shin_L"
joint_constraints/angular_limit_enabled = true
joint_constraints/angular_limit_upper = 45.0
joint_constraints/angular_limit_lower = -45.0
joint_constraints/angular_limit_bias = 0.3
joint_constraints/angular_limit_softness = 0.9
joint_constraints/angular_limit_relaxation = 1.0

[node name="CollisionShape3D" type="CollisionShape3D" parent="ape_orangutan/Armature_Orang/Skeleton3D/Ragdoll/Physical Bone Shin_L" unique_id=1547755645]
transform = Transform3D(0.9677346, -0.0013375161, 0.25197425, -0.029457614, 0.99252796, 0.118404664, -0.250249, -0.122005925, 0.96046895, -0.009299912, 0.097723246, -0.001721546)
shape = SubResource("CapsuleShape3D_cg0of")

[node name="Physical Bone Foot_L" type="PhysicalBone3D" parent="ape_orangutan/Armature_Orang/Skeleton3D/Ragdoll" unique_id=832323799]
transform = Transform3D(0.044092, 0.17138046, 0.2785402, 0.32028705, -0.079454064, -0.0018138033, 0.06612214, 0.27058417, -0.17695218, 0.046279427, 0.020645846, -0.06250426)
collision_layer = 4
collision_mask = 17
joint_type = 3
joint_offset = Transform3D(1, 0, 0, 0, 1, 0, 0, 0, 1, -0.0010719084, 4.720545e-05, 0.00013469289)
body_offset = Transform3D(0.9999943, -0.0007106066, 0.0033620968, 0.0006670058, 0.99991715, 0.01287064, -0.003370747, -0.012867779, 0.99991196, 0.0010714829, -4.8220158e-05, -0.00013768673)
friction = 0.4
bounce = 0.2
bone_name = "Foot_L"
joint_constraints/angular_limit_enabled = true
joint_constraints/angular_limit_upper = 45.0
joint_constraints/angular_limit_lower = -45.0
joint_constraints/angular_limit_bias = 0.3
joint_constraints/angular_limit_softness = 0.9
joint_constraints/angular_limit_relaxation = 1.0

[node name="CollisionShape3D" type="CollisionShape3D" parent="ape_orangutan/Armature_Orang/Skeleton3D/Ragdoll/Physical Bone Foot_L" unique_id=1072678156]
transform = Transform3D(0.96206564, 0.254274, 0.09886648, -0.24878938, 0.9664055, -0.06453225, -0.11195397, 0.037487358, 0.993006, 0.02200979, 0.079571776, -0.010245115)
shape = SubResource("CapsuleShape3D_6yin8")

[node name="Physical Bone Thigh_R" type="PhysicalBone3D" parent="ape_orangutan/Armature_Orang/Skeleton3D/Ragdoll" unique_id=1470890017]
transform = Transform3D(0.27552631, -0.18057597, -0.019431612, -0.15212706, -0.2101746, -0.20392159, 0.09921001, 0.17921768, -0.2587246, -0.036966633, 0.082980886, -0.07798644)
collision_layer = 4
collision_mask = 17
joint_type = 2
joint_offset = Transform3D(1, 0, 0, 0, 1, 0, 0, 0, 1, 0.0018981184, -0.0011144385, 0.005553895)
body_offset = Transform3D(0.9999909, 0.0015364587, 0.0040178, -0.0015650839, 0.9999738, 0.007110268, -0.0040067285, -0.0071163774, 0.99996656, -0.0019187033, 0.0010778904, -0.0055540353)
friction = 0.4
bounce = 0.2
bone_name = "Thigh_R"
joint_constraints/swing_span = 65.0
joint_constraints/twist_span = 19.999992
joint_constraints/bias = 0.3
joint_constraints/softness = 0.8
joint_constraints/relaxation = 1.0

[node name="CollisionShape3D2" type="CollisionShape3D" parent="ape_orangutan/Armature_Orang/Skeleton3D/Ragdoll/Physical Bone Thigh_R" unique_id=2027000934]
transform = Transform3D(0.9937549, 0.102915734, 0.043105483, -0.10113806, 0.9940035, -0.041582793, -0.0471265, 0.036963552, 0.9982048, -0.029236495, 0.125, -0.013)
shape = SubResource("CapsuleShape3D_ah3bo")

[node name="Physical Bone Shin_R" type="PhysicalBone3D" parent="ape_orangutan/Armature_Orang/Skeleton3D/Ragdoll" unique_id=885834896]
transform = Transform3D(0.12706387, 0.246139, -0.17936103, 0.22785595, 0.05212326, 0.23294817, 0.20208035, -0.21353868, -0.14988257, -0.09941186, 0.009944802, -0.019807106)
collision_layer = 4
collision_mask = 17
joint_type = 3
joint_offset = Transform3D(1, 0, 0, 0, 1, 0, 0, 0, 1, 0.0026182835, 0.0015092707, -0.0036038433)
body_offset = Transform3D(0.9999676, -0.007980049, 0.0012117624, 0.00799647, 0.9998716, -0.0138991475, -0.0011006892, 0.013908476, 0.99990284, -0.0026017874, -0.0015801042, 0.0035853833)
friction = 0.4
bounce = 0.2
bone_name = "Shin_R"
joint_constraints/angular_limit_enabled = true
joint_constraints/angular_limit_upper = 45.0
joint_constraints/angular_limit_lower = -45.0
joint_constraints/angular_limit_bias = 0.3
