[gd_scene format=3 uid="uid://cpdvklybvsjn2"]

[ext_resource type="Script" uid="uid://lgmqlkuewowp" path="res://ape/scripts/ape_body.gd" id="1_u8ah8"]
[ext_resource type="PackedScene" uid="uid://cubf81kdaddng" path="res://ape/orangutan/ape_orangutan.blend" id="2_u8ah8"]
[ext_resource type="Script" uid="uid://4p57jdyc06ob" path="res://ape/scripts/hand_ray_cast.gd" id="3_sv5r5"]
[ext_resource type="Script" uid="uid://bb6okqe1l22n5" path="res://ape/scripts/ragdoll.gd" id="4_uya27"]
[ext_resource type="Script" uid="uid://g2c8anfwoxf2" path="res://ape/scripts/physical_bone_clamper.gd" id="5_eiabh"]
[ext_resource type="Script" uid="uid://qqt81cqdd6n8" path="res://ape/scripts/rigid_body_hitbox.gd" id="5_jyq33"]
[ext_resource type="Script" uid="uid://c5ogdg5hcnibf" path="res://ape/scripts/camera_pivot.gd" id="6_yk35a"]
[ext_resource type="Script" uid="uid://dr0wqty80sjn7" path="res://ape/scripts/ape_input.gd" id="7_q1lcf"]
[ext_resource type="Script" uid="uid://dnm8oseo2h6ro" path="res://ape/scripts/player_state.gd" id="8_68qp5"]
[ext_resource type="Script" uid="uid://trfwgwd6pb83" path="res://ape/scripts/grabbo.gd" id="9_6128t"]
[ext_resource type="Script" uid="uid://c5gwdr6pcl066" path="res://ape/scripts/authority_manager.gd" id="10_o8nwy"]
[ext_resource type="Script" uid="uid://bvw7dpc6a2dwl" path="res://ape/scripts/animation_tree.gd" id="11_5qxfy"]

[sub_resource type="CapsuleShape3D" id="CapsuleShape3D_t2650"]
height = 1.0

[sub_resource type="JointLimitationCone3D" id="JointLimitationCone3D_5qxfy"]
angle = 1.2356931

[sub_resource type="JointLimitationCone3D" id="JointLimitationCone3D_sv5r5"]
angle = 2.9761355

[sub_resource type="JointLimitationCone3D" id="JointLimitationCone3D_uya27"]
angle = 3.9091885

[sub_resource type="CapsuleShape3D" id="CapsuleShape3D_jyq33"]
radius = 0.24804688
height = 0.49609375

[sub_resource type="CapsuleShape3D" id="CapsuleShape3D_q1lcf"]
radius = 0.2421875
height = 0.61431885

[sub_resource type="CylinderShape3D" id="CylinderShape3D_dg7gw"]
height = 0.6720495
radius = 0.42089844

[sub_resource type="CapsuleShape3D" id="CapsuleShape3D_68qp5"]
radius = 0.14389038
height = 0.28778076

[sub_resource type="CapsuleShape3D" id="CapsuleShape3D_6128t"]
radius = 0.17697144
height = 0.35394287

[sub_resource type="CapsuleShape3D" id="CapsuleShape3D_o8nwy"]
radius = 0.18408203
height = 0.41308594

[sub_resource type="CapsuleShape3D" id="CapsuleShape3D_1hjce"]
radius = 0.091
height = 0.508448

[sub_resource type="CapsuleShape3D" id="CapsuleShape3D_opfua"]
radius = 0.064
height = 0.3959038

[sub_resource type="CapsuleShape3D" id="CapsuleShape3D_ixha7"]
radius = 0.07
height = 0.14

[sub_resource type="CapsuleShape3D" id="CapsuleShape3D_12e65"]
radius = 0.093
height = 0.413

[sub_resource type="CapsuleShape3D" id="CapsuleShape3D_uerw7"]
radius = 0.064
height = 0.32408106

[sub_resource type="CapsuleShape3D" id="CapsuleShape3D_fnqgs"]
radius = 0.075
height = 0.25

[sub_resource type="SceneReplicationConfig" id="SceneReplicationConfig_wppca"]
properties/0/path = NodePath(".:transform")
properties/0/spawn = true
properties/0/replication_mode = 1
properties/1/path = NodePath(".:velocity")
properties/1/spawn = true
properties/1/replication_mode = 1
properties/2/path = NodePath("PlayerState:current_state")
properties/2/spawn = true
properties/2/replication_mode = 1
properties/3/path = NodePath("LookPivot:rotation")
properties/3/spawn = true
properties/3/replication_mode = 1
properties/4/path = NodePath("HangJointRight:transform")
properties/4/spawn = true
properties/4/replication_mode = 1
properties/5/path = NodePath("HangJointRight:node_a")
properties/5/spawn = true
properties/5/replication_mode = 1
properties/6/path = NodePath("HangJointRight:node_b")
properties/6/spawn = true
properties/6/replication_mode = 1
properties/7/path = NodePath("ape_orangutan:transform")
properties/7/spawn = true
properties/7/replication_mode = 1
properties/8/path = NodePath("ape_orangutan/Armature_Orang/Skeleton3D/ArmRightIK:influence")
properties/8/spawn = true
properties/8/replication_mode = 1
properties/9/path = NodePath("AnimationTree:on_floor")
properties/9/spawn = true
properties/9/replication_mode = 1

[sub_resource type="AnimationNodeAnimation" id="AnimationNodeAnimation_dg7gw"]
animation = &"Orang_Walk"

[sub_resource type="AnimationNodeAnimation" id="AnimationNodeAnimation_saxvm"]
animation = &"Orang_crouch"

[sub_resource type="AnimationNodeAnimation" id="AnimationNodeAnimation_g16rh"]
animation = &"Orang_idle"

[sub_resource type="AnimationNodeStateMachineTransition" id="AnimationNodeStateMachineTransition_e25ti"]
advance_mode = 2

[sub_resource type="AnimationNodeStateMachineTransition" id="AnimationNodeStateMachineTransition_6fun5"]
xfade_time = 0.2
advance_mode = 2
advance_expression = "ape.velocity.length()>0"

[sub_resource type="Curve" id="Curve_dg7gw"]
_data = [Vector2(0, 0), 0.0, 0.0, 0, 0, Vector2(0.5047259, 0.7999315), 1.1129055, 1.1129055, 0, 0, Vector2(1, 1), 0.0, 0.0, 0, 0]
point_count = 3

[sub_resource type="AnimationNodeStateMachineTransition" id="AnimationNodeStateMachineTransition_pv3yb"]
xfade_time = 0.1
xfade_curve = SubResource("Curve_dg7gw")
advance_mode = 2
advance_expression = "!on_floor"

[sub_resource type="AnimationNodeStateMachineTransition" id="AnimationNodeStateMachineTransition_irwbq"]
xfade_time = 0.1
advance_mode = 2
advance_expression = "on_floor"

[sub_resource type="AnimationNodeStateMachineTransition" id="AnimationNodeStateMachineTransition_dg7gw"]
xfade_time = 0.25
advance_mode = 2
advance_expression = "ape.velocity.length()==0"

[sub_resource type="AnimationNodeStateMachineTransition" id="AnimationNodeStateMachineTransition_eiabh"]
xfade_time = 0.1
xfade_curve = SubResource("Curve_dg7gw")
advance_mode = 2
advance_expression = "!on_floor"

[sub_resource type="AnimationNodeStateMachine" id="AnimationNodeStateMachine_b4p6a"]
states/Orang_Walk/node = SubResource("AnimationNodeAnimation_dg7gw")
states/Orang_Walk/position = Vector2(254, 199)
states/Orang_crouch/node = SubResource("AnimationNodeAnimation_saxvm")
states/Orang_crouch/position = Vector2(398, 29)
states/Orang_idle/node = SubResource("AnimationNodeAnimation_g16rh")
states/Orang_idle/position = Vector2(240, 100)
states/Start/position = Vector2(86, 94)
transitions = ["Start", "Orang_idle", SubResource("AnimationNodeStateMachineTransition_e25ti"), "Orang_idle", "Orang_Walk", SubResource("AnimationNodeStateMachineTransition_6fun5"), "Orang_idle", "Orang_crouch", SubResource("AnimationNodeStateMachineTransition_pv3yb"), "Orang_crouch", "Orang_idle", SubResource("AnimationNodeStateMachineTransition_irwbq"), "Orang_Walk", "Orang_idle", SubResource("AnimationNodeStateMachineTransition_dg7gw"), "Orang_Walk", "Orang_crouch", SubResource("AnimationNodeStateMachineTransition_eiabh")]

[sub_resource type="AnimationNodeBlendTree" id="AnimationNodeBlendTree_sv5r5"]
graph_offset = Vector2(-253.63116, 86.02327)
nodes/StateMachine/node = SubResource("AnimationNodeStateMachine_b4p6a")
nodes/StateMachine/position = Vector2(-40, 140)
node_connections = [&"output", 0, &"StateMachine"]

[node name="Player" type="CharacterBody3D" unique_id=1802699836 node_paths=PackedStringArray("input", "camera", "look", "model", "state")]
collision_layer = 2
collision_mask = 3
script = ExtResource("1_u8ah8")
ground_rotation_speed = 5.0
input = NodePath("Input")
camera = NodePath("LookPivot/Camera3D")
look = NodePath("LookPivot")
model = NodePath("ape_orangutan")
state = NodePath("PlayerState")

[node name="CollisionShape3D" type="CollisionShape3D" parent="." unique_id=971283472]
transform = Transform3D(1, 0, 0, 0, 1, 0, 0, 0, 1, 0, 0.5, 0)
shape = SubResource("CapsuleShape3D_t2650")

[node name="ape_orangutan" parent="." unique_id=888293569 instance=ExtResource("2_u8ah8")]
transform = Transform3D(-1, 0, -8.742278e-08, 0, 1, 0, 8.742278e-08, 0, -1, 0, 0, 0)

[node name="Skeleton3D" parent="ape_orangutan/Armature_Orang" parent_id_path=PackedInt32Array(888293569, 637657304) index="0" unique_id=1638835662]
bones/1/position = Vector3(4.0300865e-14, 1.9426478, 0.3974252)
bones/2/position = Vector3(-0.3603421, 0.12570447, 0.53421086)
bones/2/rotation = Quaternion(4.3697188e-08, -0.02548535, 0.9996752, -1.1139992e-09)
bones/3/position = Vector3(-0.3009643, 0.47386995, 0.111370206)
bones/3/rotation = Quaternion(-0.19421354, 0.6900166, -0.69268316, 0.0796758)
bones/4/position = Vector3(-0.06873547, 0.30028573, 0.42565292)
bones/5/position = Vector3(-0.14016512, -0.05082156, 0.061301384)
bones/5/rotation = Quaternion(0.11915757, -0.6993286, 0.28120747, 0.64626884)
bones/6/position = Vector3(0.36034217, 0.12570447, 0.5342109)
bones/6/rotation = Quaternion(4.3697188e-08, -0.02548535, 0.9996752, -1.1139992e-09)
bones/7/position = Vector3(0.3009643, 0.47386995, 0.111370206)
bones/7/rotation = Quaternion(0.19421357, 0.6900166, -0.6926832, -0.07967582)
bones/8/position = Vector3(0.06873547, 0.30028573, 0.42565292)
bones/9/position = Vector3(0.14016512, -0.05082156, 0.061301384)
bones/9/rotation = Quaternion(0.11915757, 0.6993286, -0.28120747, 0.64626884)
bones/10/position = Vector3(6.651855e-05, -0.13745527, 0.27577022)
bones/10/rotation = Quaternion(1.3422063e-07, 0.95950955, 0.28167608, 5.3542345e-07)
bones/11/rotation = Quaternion(0.17930889, 8.1633246e-08, -1.5999973e-07, 0.98379284)
bones/12/rotation = Quaternion(0.2729912, 1.4770392e-06, 2.0766507e-07, 0.9620165)
bones/13/rotation = Quaternion(-0.1598107, -3.4859022e-06, -2.2843877e-05, 0.9871477)
bones/16/rotation = Quaternion(0.7679214, 0.63034093, 0.08815174, 0.07208631)
bones/17/rotation = Quaternion(-0.123268664, -0.44913417, 0.10533144, 0.87862885)
bones/18/rotation = Quaternion(-0.59056866, -0.19983986, 0.64752644, 0.43818057)
bones/19/rotation = Quaternion(0.3708148, -0.16528943, -0.55645406, 0.7249378)
bones/20/rotation = Quaternion(0.61488503, 0.08976859, -0.15805171, 0.7673837)
bones/21/rotation = Quaternion(0.8402194, 0.015071286, -0.034139547, 0.540961)
bones/22/rotation = Quaternion(0.5259907, -0.28141648, -0.06729437, 0.7997562)
bones/24/rotation = Quaternion(0.62400496, -0.08488151, -0.223102, 0.74406886)
bones/25/rotation = Quaternion(0.73857147, 0.110073835, -0.29959065, 0.5938361)
bones/26/rotation = Quaternion(0.7679244, -0.6303448, -0.08812455, 0.07205298)
bones/27/rotation = Quaternion(-0.123409025, 0.44914436, -0.10552821, 0.8785804)
bones/28/rotation = Quaternion(-0.5905836, 0.19982328, -0.6475424, 0.4381444)
bones/29/rotation = Quaternion(0.37084478, 0.16515581, 0.55663735, 0.72481203)
bones/30/rotation = Quaternion(0.614885, -0.08976861, 0.15805167, 0.7673837)
bones/31/rotation = Quaternion(0.8402194, -0.015071329, 0.03413956, 0.54096097)
bones/32/position = Vector3(0.018465336, 0.105905615, 0.014835339)
bones/32/rotation = Quaternion(0.62400496, 0.084881485, 0.22310194, 0.7440689)
bones/33/rotation = Quaternion(0.73857135, -0.110073835, 0.2995907, 0.59383625)
bones/34/rotation = Quaternion(0.52599066, 0.28141657, 0.06729435, 0.7997563)
bones/36/rotation = Quaternion(0.65536684, 0.72970366, 0.09139436, 0.17226127)
bones/37/rotation = Quaternion(-0.19582391, -0.6676112, 0.22824086, 0.6810686)
bones/38/rotation = Quaternion(0.71929103, -0.017833209, 0.6404052, 0.26867017)
bones/39/rotation = Quaternion(-0.36000142, 0.14971301, -0.9207394, -0.014963178)
bones/40/rotation = Quaternion(-0.034143746, 0.88755524, -0.06985925, 0.45409206)
bones/41/position = Vector3(0.039142445, 0.028837094, 0.03866555)
bones/41/rotation = Quaternion(-0.15224452, -0.8453407, 0.037964676, 0.5106657)
bones/42/rotation = Quaternion(0.00847299, 0.8855601, -0.0923494, -0.4551737)
bones/43/position = Vector3(-0.043649405, -0.024467414, -0.058716673)
bones/43/rotation = Quaternion(0.016035995, 0.86718106, -0.48570782, -0.10875581)
bones/44/rotation = Quaternion(-0.03783698, -0.4003064, 0.03324155, 0.91499627)
bones/45/rotation = Quaternion(-0.6553667, 0.7297035, 0.09139517, -0.17226207)
bones/46/rotation = Quaternion(-0.19611278, 0.66749656, -0.22850232, 0.6810101)
bones/47/rotation = Quaternion(0.7193019, 0.017829979, -0.640415, 0.2686177)
bones/48/rotation = Quaternion(-0.35989982, -0.1493083, 0.9208427, -0.015096009)
bones/49/rotation = Quaternion(0.034143798, 0.88755524, -0.069859274, -0.45409206)
bones/50/position = Vector3(-0.03914247, 0.028837115, 0.03866558)
bones/50/rotation = Quaternion(-0.15224443, 0.8453408, -0.037964568, 0.5106656)
bones/51/rotation = Quaternion(-0.008472929, 0.8855601, -0.09234924, 0.45517376)
bones/52/position = Vector3(0.043649398, -0.024467422, -0.05871666)
bones/52/rotation = Quaternion(-0.016036, 0.8671811, -0.48570767, 0.10875581)
bones/53/rotation = Quaternion(-0.037836928, 0.4003064, -0.03324153, 0.91499627)

[node name="Head" type="BoneAttachment3D" parent="ape_orangutan/Armature_Orang/Skeleton3D" index="1" unique_id=312895356]
transform = Transform3D(1, 5.119049e-05, 5.2567475e-06, -3.6894962e-06, 0.17321157, -0.98488444, -5.132726e-05, 0.98488456, 0.17321138, -6.21371e-05, 0.44901055, 0.34771198)
bone_name = "Head"
bone_idx = 13

[node name="Hand_R" type="BoneAttachment3D" parent="ape_orangutan/Armature_Orang/Skeleton3D" index="2" unique_id=1993154366]
transform = Transform3D(0.8589797, 0.038031027, -0.5105947, -0.39433146, 0.68522215, -0.6123507, 0.32658273, 0.72734046, 0.6035886, -0.12684341, 0.73508775, 0.91771376)
bone_name = "Hand_R"
bone_idx = 29

[node name="HoldingSpaceRight" type="Marker3D" parent="ape_orangutan/Armature_Orang/Skeleton3D/Hand_R" unique_id=496759705]
transform = Transform3D(0.99999946, -1.0058284e-06, -1.7881393e-07, 9.797513e-07, 0.9999993, 1.1324883e-06, 1.6391277e-07, -1.4007092e-06, 0.9999991, -0.03665997, 0.08608669, 0.0808467)

[node name="Spine" type="BoneAttachment3D" parent="ape_orangutan/Armature_Orang/Skeleton3D" index="3" unique_id=1004265275]
transform = Transform3D(1, 8.793091e-06, -1.0240359e-06, -2.808502e-06, 0.20542309, -0.9786732, -8.395206e-06, 0.97867334, 0.20542291, -6.650499e-05, 0.44215125, -0.017347902)
bone_name = "Spine"
bone_idx = 11

[node name="RayCast3D" type="RayCast3D" parent="ape_orangutan/Armature_Orang/Skeleton3D/Spine" unique_id=391874177 node_paths=PackedStringArray("target_child", "ignore_these")]
transform = Transform3D(-1, -2.5189154e-06, 8.557606e-06, -8.854693e-06, 0.18762134, -0.98224175, 8.6882204e-07, -0.982241, -0.18762168, -0.32130536, 0.21029215, 0.012489617)
target_position = Vector3(0, 0, -1.605)
collision_mask = 17
debug_shape_custom_color = Color(1, 0.3447545, 0.55754477, 1)
debug_shape_thickness = 5
script = ExtResource("3_sv5r5")
target_child = NodePath("../../../../../LookPivot/HandTargetRight")
ignore_these = [NodePath("../../../../..")]

[node name="SpineLookAt" type="LookAtModifier3D" parent="ape_orangutan/Armature_Orang/Skeleton3D" index="4" unique_id=1590428552]
transform = Transform3D(3.030303, 0, 0, 0, 3.030303, 0, 0, 0, 3.030303, 0, 0, 0)
influence = 0.25
target_node = NodePath("../../../../LookPivot/LookAtMe")
bone_name = "Spine"
bone = 11
forward_axis = 2
primary_rotation_axis = 2
relative = true
duration = 0.15
transition_type = 1
ease_type = 2

[node name="NeckLookAt" type="LookAtModifier3D" parent="ape_orangutan/Armature_Orang/Skeleton3D" index="5" unique_id=734787130]
transform = Transform3D(3.030303, 0, 0, 0, 3.030303, 0, 0, 0, 3.030303, 0, 0, 0)
influence = 0.25
target_node = NodePath("../../../../LookPivot/LookAtMe")
bone_name = "Neck"
bone = 12
forward_axis = 2
primary_rotation_axis = 0
relative = true
duration = 0.15
transition_type = 1
ease_type = 2

[node name="HeadLookAt" type="LookAtModifier3D" parent="ape_orangutan/Armature_Orang/Skeleton3D" index="6" unique_id=1369929918]
transform = Transform3D(3.030303, 0, 0, 0, 3.030303, 0, 0, 0, 3.030303, 0, 0, 0)
influence = 0.5
target_node = NodePath("../../../../LookPivot/LookAtMe")
bone_name = "Head"
bone = 13
forward_axis = 2
primary_rotation_axis = 2
relative = true
duration = 0.15
transition_type = 1
ease_type = 2

[node name="ArmRightIK" type="JacobianIK3D" parent="ape_orangutan/Armature_Orang/Skeleton3D" index="7" unique_id=396703440]
angular_delta_limit = 0.08726646259971647
setting_count = 1
settings/0/target_node = NodePath("../../../../LookPivot/HandTargetRight")
settings/0/root_bone_name = "Shoulder_R"
settings/0/root_bone = 26
settings/0/end_bone_name = "Finger_R"
settings/0/end_bone = 30
settings/0/extend_end_bone = false
settings/0/joint_count = 5
settings/0/joints/0/rotation_axis = 3
settings/0/joints/0/limitation = SubResource("JointLimitationCone3D_5qxfy")
settings/0/joints/0/limitation/right_axis = 2
settings/0/joints/0/limitation/rotation_offset = Quaternion(0.165, -1.095, -0.035, 1.31)
settings/0/joints/1/rotation_axis = 3
settings/0/joints/1/limitation = SubResource("JointLimitationCone3D_sv5r5")
settings/0/joints/1/limitation/right_axis = 0
settings/0/joints/1/limitation/rotation_offset = Quaternion(0, 0.48, -0.095, -0.41)
settings/0/joints/2/rotation_axis = 3
settings/0/joints/2/limitation = SubResource("JointLimitationCone3D_uya27")
settings/0/joints/2/limitation/right_axis = 0
settings/0/joints/2/limitation/rotation_offset = Quaternion(-0.84, -0.105, -0.225, 0.95)
settings/0/joints/3/rotation_axis = 3
settings/0/joints/3/limitation = null
settings/0/joints/4/rotation_axis = 3
settings/0/joints/4/limitation = null

[node name="Ragdoll" type="PhysicalBoneSimulator3D" parent="ape_orangutan/Armature_Orang/Skeleton3D" index="8" unique_id=634023419 node_paths=PackedStringArray("input", "state", "ape", "skeleton", "look_pivot")]
transform = Transform3D(3.030303, 0, 0, 0, 3.030303, 0, 0, 0, 3.030303, 0, 0, 0)
influence = 0.0
script = ExtResource("4_uya27")
input = NodePath("../../../../Input")
state = NodePath("../../../../PlayerState")
ape = NodePath("../../../..")
skeleton = NodePath("..")
look_pivot = NodePath("../../../../LookPivot")
get_up_speed = 2.5

[node name="Physical Bone Pelvis" type="PhysicalBone3D" parent="ape_orangutan/Armature_Orang/Skeleton3D/Ragdoll" unique_id=1117151723]
transform = Transform3D(0.33, 5.4800253e-09, -3.6452204e-07, -3.0963562e-07, 0.1783863, -0.27762985, 1.9243731e-07, 0.27762985, 0.1783863, -2.2192206e-05, 0.09249017, -0.09273425)
collision_layer = 4
joint_type = 2
joint_offset = Transform3D(1, 0, 0, 0, 1, 0, 0, 0, 1, 7.375207e-07, 0.0015232047, 0.0063311276)
body_offset = Transform3D(1, -2.7483708e-08, -1.5120634e-09, 2.7483793e-08, 0.9999998, 2.7030706e-05, 1.5112676e-09, -2.7060509e-05, 1, -7.3746924e-07, -0.0015233755, -0.006331086)
friction = 0.4
bounce = 0.2
bone_name = "Pelvis"
joint_constraints/swing_span = 9.999996
joint_constraints/twist_span = 180.0
joint_constraints/bias = 0.3
joint_constraints/softness = 0.8
joint_constraints/relaxation = 1.0
script = ExtResource("5_eiabh")

[node name="CollisionShape3D" type="CollisionShape3D" parent="ape_orangutan/Armature_Orang/Skeleton3D/Ragdoll/Physical Bone Pelvis" unique_id=344764278]
transform = Transform3D(1, 1.7763568e-15, -7.1054274e-15, 0, 0, 1, 0, -1, 0, -1.5464547e-08, 0.1585498, 0.107316256)
shape = SubResource("CapsuleShape3D_jyq33")

[node name="Physical Bone Spine" type="PhysicalBone3D" parent="ape_orangutan/Armature_Orang/Skeleton3D/Ragdoll" unique_id=577611465]
transform = Transform3D(0.33, 2.8500167e-06, -3.1428038e-07, -8.931744e-07, 0.067805916, -0.3229588, -2.7246294e-06, 0.3229588, 0.067805916, -2.2272325e-05, 0.14928973, -0.005769819)
collision_layer = 4
joint_type = 2
joint_offset = Transform3D(1, 0, 0, 0, 1, 0, 0, 0, 1, 1.0134984e-06, -0.001970934, 0.010051357)
body_offset = Transform3D(1, -1.5672867e-07, 7.122685e-08, 1.5672958e-07, 1, 5.0604343e-05, -7.1236286e-08, -5.044043e-05, 1.0000002, -1.0145231e-06, 0.0019704252, -0.010051459)
friction = 0.4
bounce = 0.2
bone_name = "Spine"
joint_constraints/swing_span = 4.999998
joint_constraints/twist_span = 39.999985
joint_constraints/bias = 0.3
joint_constraints/softness = 0.8
joint_constraints/relaxation = 1.0
script = ExtResource("5_eiabh")

[node name="CollisionShape3D" type="CollisionShape3D" parent="ape_orangutan/Armature_Orang/Skeleton3D/Ragdoll/Physical Bone Spine" unique_id=1345764570]
transform = Transform3D(1, 3.5063005e-07, 2.351824e-07, -4.0167512e-07, 0.9616797, 0.2741776, -1.3003512e-07, -0.27417773, 0.9616792, -8.0137e-08, 0.076402396, 0.117420435)
shape = SubResource("CapsuleShape3D_q1lcf")

[node name="PushablePusher" type="Area3D" parent="ape_orangutan/Armature_Orang/Skeleton3D/Ragdoll/Physical Bone Spine" unique_id=180764024 node_paths=PackedStringArray("ape", "state", "ragdoll")]
transform = Transform3D(1, -8.396941e-06, -3.3419167e-06, 9.036499e-06, 0.9346081, 0.35567868, 1.3676929e-07, -0.35567865, 0.9346086, 2.4718756e-06, -0.23937228, 0.22553359)
collision_layer = 0
collision_mask = 16
script = ExtResource("5_jyq33")
power = 1.5
ape = NodePath("../../../../../..")
state = NodePath("../../../../../../PlayerState")
ragdoll = NodePath("../..")

[node name="CollisionShape3D" type="CollisionShape3D" parent="ape_orangutan/Armature_Orang/Skeleton3D/Ragdoll/Physical Bone Spine/PushablePusher" unique_id=475919890]
transform = Transform3D(1, 1.29602995e-11, -1.2244072e-10, -1.23066e-11, 1.0000057, -0.0009190738, 1.2309442e-10, 0.0009189844, 1.0000057, 1.5302066e-07, 0.2786804, 0.098716736)
shape = SubResource("CylinderShape3D_dg7gw")
debug_color = Color(0.9733754, 0, 0.4378033, 0.41960785)

[node name="Physical Bone Neck" type="PhysicalBone3D" parent="ape_orangutan/Armature_Orang/Skeleton3D/Ragdoll" unique_id=2102952717]
transform = Transform3D(0.33, 5.1792067e-06, -1.0708397e-06, 4.7275236e-08, -0.069702804, -0.3225547, -5.288539e-06, 0.3225547, -0.069702804, -2.183063e-05, 0.16346128, 0.061630998)
collision_layer = 4
collision_mask = 17
joint_type = 2
joint_offset = Transform3D(1, 0, 0, 0, 1, 0, 0, 0, 1, 1.5060463e-06, -0.0011740591, 0.011609209)
body_offset = Transform3D(1, 4.498579e-07, -1.2711871e-07, -4.5010165e-07, 0.99999857, -0.0019251406, 1.2624673e-07, 0.0019253492, 0.99999857, -1.5040423e-06, 0.0011964068, -0.011606932)
friction = 0.4
bounce = 0.2
bone_name = "Neck"
joint_constraints/swing_span = 19.999992
joint_constraints/twist_span = 24.999996
joint_constraints/bias = 0.3
joint_constraints/softness = 0.8
joint_constraints/relaxation = 1.0
script = ExtResource("5_eiabh")

[node name="CollisionShape3D" type="CollisionShape3D" parent="ape_orangutan/Armature_Orang/Skeleton3D/Ragdoll/Physical Bone Neck" unique_id=868781670]
transform = Transform3D(1, 1.106147e-06, 2.768926e-07, -1.1006739e-06, 0.8516721, 0.524075, 3.1126189e-07, -0.524075, 0.8516723, 6.4844244e-08, 0.14075811, 0.053019404)
shape = SubResource("CapsuleShape3D_68qp5")

[node name="Physical Bone Head" type="PhysicalBone3D" parent="ape_orangutan/Armature_Orang/Skeleton3D/Ragdoll" unique_id=1779494347]
transform = Transform3D(0.33, 1.8181205e-05, 1.9078775e-06, -1.2701461e-06, 0.057159655, -0.32501197, -1.8236855e-05, 0.325012, 0.05715965, -2.3036542e-05, 0.1517258, 0.11689984)
collision_layer = 4
collision_mask = 17
joint_type = 2
joint_offset = Transform3D(1, 0, 0, 0, 1, 0, 0, 0, 1, 8.072902e-06, -0.008295799, 0.009470823)
body_offset = Transform3D(1, 3.9040533e-06, 5.2471387e-07, -3.9040533e-06, 1.0000002, -3.5762787e-07, -5.247275e-07, 5.5134296e-07, 1.0000002, -8.045485e-06, 0.008295804, -0.00947082)
friction = 0.4
bounce = 0.2
bone_name = "Head"
joint_constraints/swing_span = 24.999996
joint_constraints/twist_span = 19.999992
joint_constraints/bias = 0.3
joint_constraints/softness = 0.8
joint_constraints/relaxation = 1.0
script = ExtResource("5_eiabh")

[node name="CollisionShape3D" type="CollisionShape3D" parent="ape_orangutan/Armature_Orang/Skeleton3D/Ragdoll/Physical Bone Head" unique_id=1606479431]
transform = Transform3D(0.99994695, -0.002134634, -0.010077274, 0.00027098507, 0.9834103, -0.18141994, 0.010297311, 0.1814082, 0.9833542, 9.1708825e-05, 0.111748844, 0.022595644)
shape = SubResource("CapsuleShape3D_6128t")

[node name="Physical Bone Shoulder_L" type="PhysicalBone3D" parent="ape_orangutan/Armature_Orang/Skeleton3D/Ragdoll" unique_id=143140330]
transform = Transform3D(0.06283094, 0.31531742, 0.07434511, 0.052023493, -0.08456801, 0.3147091, 0.31975904, -0.04819932, -0.0658103, -1.753308e-05, 0.16352646, 0.06191028)
collision_layer = 4
collision_mask = 17
joint_type = 2
joint_offset = Transform3D(1, 0, 0, 0, 1, 0, 0, 0, 1, -0.0060911095, 0.0035333012, -0.009889288)
body_offset = Transform3D(1, -0.00064346194, 0.000114515424, 0.00064349174, 0.9999996, -0.0010462031, -0.000114023685, 0.0010462534, 0.99999976, 0.0060945153, -0.0035397261, 0.009884894)
friction = 0.4
bounce = 0.2
bone_name = "Shoulder_L"
joint_constraints/swing_span = 39.999985
joint_constraints/twist_span = 9.999996
joint_constraints/bias = 0.3
joint_constraints/softness = 0.8
joint_constraints/relaxation = 1.0
script = ExtResource("5_eiabh")

[node name="CollisionShape3D" type="CollisionShape3D" parent="ape_orangutan/Armature_Orang/Skeleton3D/Ragdoll/Physical Bone Shoulder_L" unique_id=414945970]
transform = Transform3D(1.0000013, 6.482005e-07, 0, -9.313226e-10, 1.0000005, 6.519258e-09, 0, -1.9324943e-07, 1.0000004, 0.0056129694, 0.126, -0.07021457)
shape = SubResource("CapsuleShape3D_o8nwy")

[node name="Physical Bone Arm_Upper_L" type="PhysicalBone3D" parent="ape_orangutan/Armature_Orang/Skeleton3D/Ragdoll" unique_id=1001508409]
transform = Transform3D(0.19017774, 0.26836213, 0.026724443, 0.24354178, -0.1849403, 0.1240343, 0.11584404, -0.05175771, -0.30463308, 0.07038105, 0.1440773, 0.053175196)
collision_layer = 4
collision_mask = 17
joint_type = 2
joint_offset = Transform3D(1, 0, 0, 0, 1, 0, 0, 0, 1, -0.010349353, 0.00871361, 0.00612198)
body_offset = Transform3D(0.99986815, -0.013726898, -0.008726776, 0.013684567, 0.9998948, -0.0048924983, 0.008793354, 0.0047723353, 0.99995005, 0.010521024, -0.008541115, -0.006072253)
friction = 0.4
bounce = 0.2
bone_name = "Arm_Upper_L"
joint_constraints/swing_span = 49.999992
joint_constraints/twist_span = 30.0
joint_constraints/bias = 0.3
joint_constraints/softness = 0.8
joint_constraints/relaxation = 1.0
script = ExtResource("5_eiabh")

[node name="CollisionShape3D" type="CollisionShape3D" parent="ape_orangutan/Armature_Orang/Skeleton3D/Ragdoll/Physical Bone Arm_Upper_L" unique_id=424910768]
transform = Transform3D(0.9999997, 1.4882535e-06, 1.9669533e-06, -3.259629e-08, 0.99999535, 1.3299286e-06, 1.7881393e-07, -3.091991e-07, 0.9999914, 0.005, 0.216, -0.014)
shape = SubResource("CapsuleShape3D_1hjce")

[node name="Physical Bone Arm_Lower_L" type="PhysicalBone3D" parent="ape_orangutan/Armature_Orang/Skeleton3D/Ragdoll" unique_id=991657022]
transform = Transform3D(0.21877052, -0.22499122, -0.102070704, -0.19992435, -0.081116214, -0.24970068, 0.14515412, 0.22737445, -0.19008198, 0.18554398, 0.06719083, 0.03025214)
collision_layer = 4
collision_mask = 17
joint_type = 3
joint_offset = Transform3D(1, 0, 0, 0, 1, 0, 0, 0, 1, -0.003844775, 0.005919576, 0.0076447977)
body_offset = Transform3D(0.9998453, 0.017150462, -0.003950149, -0.017100543, 0.9997772, 0.0124050975, 0.0041621327, -0.012335509, 0.9999154, 0.0037728548, -0.0060788393, -0.007555127)
friction = 0.4
bounce = 0.2
bone_name = "Arm_Lower_L"
joint_constraints/angular_limit_enabled = true
joint_constraints/angular_limit_upper = 99.999985
joint_constraints/angular_limit_lower = -99.999985
joint_constraints/angular_limit_bias = 0.3
joint_constraints/angular_limit_softness = 0.9
joint_constraints/angular_limit_relaxation = 1.0
script = ExtResource("5_eiabh")

[node name="CollisionShape3D" type="CollisionShape3D" parent="ape_orangutan/Armature_Orang/Skeleton3D/Ragdoll/Physical Bone Arm_Lower_L" unique_id=1776166021]
transform = Transform3D(0.9925505, -0.0112032555, -0.12131918, 0.008724622, 0.9997458, -0.020942487, 0.12152221, 0.019728009, 0.9923958, 0, 0.232, -0.021)
shape = SubResource("CapsuleShape3D_opfua")

[node name="Physical Bone Hand_L" type="PhysicalBone3D" parent="ape_orangutan/Armature_Orang/Skeleton3D/Ragdoll" unique_id=1975766003]
transform = Transform3D(0.2987926, 0.054297835, -0.1291307, 0.05535287, -0.3252091, -0.0086665815, -0.12868197, -0.013812861, -0.30356246, 0.10359201, 0.037166107, 0.110170744)
collision_layer = 4
collision_mask = 17
joint_type = 3
joint_offset = Transform3D(1, 0, 0, 0, 1, 0, 0, 0, 1, -0.0121860765, 0.0004079237, 0.005159078)
body_offset = Transform3D(0.9998784, 0.0077810455, -0.013548285, -0.0077851247, 0.99997, -0.00024435297, 0.013545811, 0.000349842, 0.9999082, 0.0122513175, -0.00050152093, -0.004993677)
friction = 0.4
bounce = 0.2
bone_name = "Hand_L"
joint_constraints/angular_limit_enabled = true
joint_constraints/angular_limit_upper = 45.0
joint_constraints/angular_limit_lower = -45.0
joint_constraints/angular_limit_bias = 0.3
joint_constraints/angular_limit_softness = 0.9
joint_constraints/angular_limit_relaxation = 1.0
script = ExtResource("5_eiabh")

[node name="CollisionShape3D" type="CollisionShape3D" parent="ape_orangutan/Armature_Orang/Skeleton3D/Ragdoll/Physical Bone Hand_L" unique_id=1977704871]
transform = Transform3D(0.9968977, 0.0677148, -0.03972742, -0.076128095, 0.9574342, -0.27840218, 0.019184709, 0.28056636, 0.9596361, -0.0068920404, 0.07364557, 0.02949211)
shape = SubResource("CapsuleShape3D_ixha7")

[node name="Physical Bone Shoulder_R" type="PhysicalBone3D" parent="ape_orangutan/Armature_Orang/Skeleton3D/Ragdoll" unique_id=1152930989]
transform = Transform3D(-0.10087066, -0.3027237, -0.08416331, -0.088991225, -0.057249352, 0.31257492, -0.3013398, 0.118240714, -0.06413628, 0.00037515137, 0.16344507, 0.061441425)
collision_layer = 4
collision_mask = 17
joint_type = 2
joint_offset = Transform3D(1, 0, 0, 0, 1, 0, 0, 0, 1, 0.0061096465, 0.0019352798, -0.009572292)
body_offset = Transform3D(0.99997056, -0.007654786, -0.00011640787, 0.007655382, 0.9999368, 0.008255191, 5.3301454e-05, -0.008255869, 0.9999658, -0.006095767, -0.0019029081, 0.009587616)
friction = 0.4
bounce = 0.2
bone_name = "Shoulder_R"
joint_constraints/swing_span = 39.999985
joint_constraints/twist_span = 9.999996
joint_constraints/bias = 0.3
joint_constraints/softness = 0.8
joint_constraints/relaxation = 1.0
script = ExtResource("5_eiabh")

[node name="CollisionShape3D" type="CollisionShape3D" parent="ape_orangutan/Armature_Orang/Skeleton3D/Ragdoll/Physical Bone Shoulder_R" unique_id=291864541]
transform = Transform3D(1.0000013, 6.482005e-07, 0, -9.313226e-10, 1.0000005, 6.519258e-09, 0, -1.9324943e-07, 1.0000004, 0.0056129694, 0.126, -0.07021457)
shape = SubResource("CapsuleShape3D_o8nwy")

[node name="Physical Bone Arm_Upper_R" type="PhysicalBone3D" parent="ape_orangutan/Armature_Orang/Skeleton3D/Ragdoll" unique_id=1441450116]
transform = Transform3D(-0.118683256, -0.07580957, -0.2984413, -0.29414028, 0.12252016, 0.085850485, 0.091081165, 0.29688674, -0.11163558, -0.068107665, 0.15108119, 0.08785601)
collision_layer = 4
collision_mask = 17
joint_type = 2
joint_offset = Transform3D(1, 0, 0, 0, 1, 0, 0, 0, 1, 0.009259295, -0.007909495, -0.000498304)
body_offset = Transform3D(0.9999881, -0.004010737, -0.002803728, 0.004019946, 0.9999871, 0.0031558573, 0.0027911812, -0.0031668246, 0.9999913, -0.0092923045, 0.007873744, 0.00044740736)
friction = 0.4
bounce = 0.2
bone_name = "Arm_Upper_R"
joint_constraints/swing_span = 49.999992
joint_constraints/twist_span = 30.0
joint_constraints/bias = 0.3
joint_constraints/softness = 0.8
joint_constraints/relaxation = 1.0
script = ExtResource("5_eiabh")

[node name="CollisionShape3D" type="CollisionShape3D" parent="ape_orangutan/Armature_Orang/Skeleton3D/Ragdoll/Physical Bone Arm_Upper_R" unique_id=96818128]
transform = Transform3D(0.9999997, 1.4882535e-06, 1.9669533e-06, -3.259629e-08, 0.99999535, 1.3299286e-06, 1.7881393e-07, -3.091991e-07, 0.9999914, 0.005, 0.216, -0.014)
shape = SubResource("CapsuleShape3D_1hjce")

[node name="Physical Bone Arm_Lower_R" type="PhysicalBone3D" parent="ape_orangutan/Armature_Orang/Skeleton3D/Ragdoll" unique_id=1386195001]
transform = Transform3D(0.26526308, 0.16521089, -0.10602297, -0.17690617, 0.12393309, -0.2494891, -0.085086554, 0.2573829, 0.18818694, -0.101765364, 0.19954094, 0.20323145)
collision_layer = 4
collision_mask = 17
joint_type = 3
joint_offset = Transform3D(1, 0, 0, 0, 1, 0, 0, 0, 1, 0.0024961717, 0.013146582, 0.012962597)
body_offset = Transform3D(0.99992603, 0.011937246, -0.002476722, -0.011921629, 0.9999095, 0.0062221885, 0.0025504082, -0.0061920583, 0.9999777, -0.0026208162, -0.01319629, -0.012887269)
friction = 0.4
bounce = 0.2
bone_name = "Arm_Lower_R"
joint_constraints/angular_limit_enabled = true
joint_constraints/angular_limit_upper = 99.999985
joint_constraints/angular_limit_lower = -99.999985
joint_constraints/angular_limit_bias = 0.3
joint_constraints/angular_limit_softness = 0.9
joint_constraints/angular_limit_relaxation = 1.0
script = ExtResource("5_eiabh")

[node name="CollisionShape3D" type="CollisionShape3D" parent="ape_orangutan/Armature_Orang/Skeleton3D/Ragdoll/Physical Bone Arm_Lower_R" unique_id=1372591892]
transform = Transform3D(0.9925501, -0.011203334, -0.12131892, 0.008724712, 0.9997459, -0.020942673, 0.12152193, 0.019728184, 0.99239516, 0.011639893, 0.20806396, -0.032878965)
shape = SubResource("CapsuleShape3D_opfua")

[node name="Physical Bone Hand_R" type="PhysicalBone3D" parent="ape_orangutan/Armature_Orang/Skeleton3D/Ragdoll" unique_id=1094305561]
transform = Transform3D(0.28286332, 0.013103393, -0.16945992, -0.13158132, 0.2251459, -0.20222685, 0.1075859, 0.24091005, 0.19821112, -0.040109005, 0.24709696, 0.30515432)
collision_layer = 4
collision_mask = 17
joint_type = 3
joint_offset = Transform3D(1, 0, 0, 0, 1, 0, 0, 0, 1, -0.0013657131, -0.014658716, 0.006909789)
body_offset = Transform3D(0.99998873, 0.0034862757, -0.0032909214, -0.003494814, 0.9999908, -0.0025696456, 0.003281638, 0.0025814474, 0.99999166, 0.0014395416, 0.014671564, -0.0068674088)
friction = 0.4
bounce = 0.2
bone_name = "Hand_R"
joint_constraints/angular_limit_enabled = true
joint_constraints/angular_limit_upper = 45.0
joint_constraints/angular_limit_lower = -45.0
joint_constraints/angular_limit_bias = 0.3
joint_constraints/angular_limit_softness = 0.9
joint_constraints/angular_limit_relaxation = 1.0
script = ExtResource("5_eiabh")

[node name="CollisionShape3D" type="CollisionShape3D" parent="ape_orangutan/Armature_Orang/Skeleton3D/Ragdoll/Physical Bone Hand_R" unique_id=725425834]
transform = Transform3D(0.9969834, 0.0671664, -0.038518496, -0.07530436, 0.95683867, -0.28066516, 0.0180047, 0.28272247, 0.9590268, 0, 0.105, 0.029)
shape = SubResource("CapsuleShape3D_ixha7")

[node name="Physical Bone Thigh_L" type="PhysicalBone3D" parent="ape_orangutan/Armature_Orang/Skeleton3D/Ragdoll" unique_id=1182233249]
transform = Transform3D(0.27653727, 0.17906913, 0.019010168, 0.15251377, -0.21438044, -0.19919986, -0.09574284, 0.17571363, -0.26240817, 0.03718753, 0.08324345, -0.08297462)
collision_layer = 4
collision_mask = 17
joint_type = 2
joint_offset = Transform3D(1, 0, 0, 0, 1, 0, 0, 0, 1, -0.0073935203, 0.0071301274, -0.005959888)
body_offset = Transform3D(0.9999471, -0.008877516, 0.0051798075, 0.008924156, 0.99992, -0.008964449, -0.0050998926, 0.0090100765, 0.999946, 0.007487297, -0.007117003, 0.0058576167)
friction = 0.4
bounce = 0.2
bone_name = "Thigh_L"
joint_constraints/swing_span = 65.0
joint_constraints/twist_span = 19.999992
joint_constraints/bias = 0.3
joint_constraints/softness = 0.8
joint_constraints/relaxation = 1.0
script = ExtResource("5_eiabh")

[node name="CollisionShape3D2" type="CollisionShape3D" parent="ape_orangutan/Armature_Orang/Skeleton3D/Ragdoll/Physical Bone Thigh_L" unique_id=73263602]
transform = Transform3D(0.993755, 0.10291572, 0.043105513, -0.10113803, 0.9940035, -0.041582793, -0.047126517, 0.036963537, 0.9982049, 0, 0.129, -0.007)
shape = SubResource("CapsuleShape3D_12e65")

[node name="Physical Bone Shin_L" type="PhysicalBone3D" parent="ape_orangutan/Armature_Orang/Skeleton3D/Ragdoll" unique_id=1071844902]
transform = Transform3D(0.12220196, -0.2509169, 0.17608915, -0.22599897, 0.05432632, 0.23425014, -0.2071018, -0.20733875, -0.15172175, 0.09984333, 0.010047414, -0.018942866)
collision_layer = 4
collision_mask = 17
joint_type = 3
joint_offset = Transform3D(1, 0, 0, 0, 1, 0, 0, 0, 1, -0.0012250912, 0.0041915444, -0.0031368486)
body_offset = Transform3D(0.9998951, -0.013820469, -0.0042819977, 0.0138065815, 0.9998997, -0.0031949878, 0.0043258667, 0.0031354427, 0.9999857, 0.0012694597, -0.004184231, 0.0031289607)
friction = 0.4
bounce = 0.2
bone_name = "Shin_L"
joint_constraints/angular_limit_enabled = true
joint_constraints/angular_limit_upper = 45.0
joint_constraints/angular_limit_lower = -45.0
joint_constraints/angular_limit_bias = 0.3
joint_constraints/angular_limit_softness = 0.9
joint_constraints/angular_limit_relaxation = 1.0
script = ExtResource("5_eiabh")

[node name="CollisionShape3D" type="CollisionShape3D" parent="ape_orangutan/Armature_Orang/Skeleton3D/Ragdoll/Physical Bone Shin_L" unique_id=1136118157]
transform = Transform3D(0.9677346, -0.0013375161, 0.25197425, -0.029457614, 0.99252796, 0.118404664, -0.250249, -0.122005925, 0.96046895, -0.009299912, 0.097723246, -0.001721546)
shape = SubResource("CapsuleShape3D_uerw7")

[node name="Physical Bone Foot_L" type="PhysicalBone3D" parent="ape_orangutan/Armature_Orang/Skeleton3D/Ragdoll" unique_id=1543677436]
transform = Transform3D(0.043851156, 0.1704527, 0.27914685, 0.3202885, -0.07944841, -0.0018012977, 0.06627496, 0.27117127, -0.17599376, 0.04627307, 0.020709258, -0.06250113)
collision_layer = 4
collision_mask = 17
joint_type = 3
joint_offset = Transform3D(1, 0, 0, 0, 1, 0, 0, 0, 1, -0.0013013782, 0.000107982974, 0.00014448431)
body_offset = Transform3D(0.99998987, -0.0009430498, 0.0044060796, 0.0008716434, 0.9998696, 0.016135722, -0.0044206753, -0.016131401, 0.9998603, 0.0013008304, -0.00010916591, -0.00014847517)
friction = 0.4
bounce = 0.2
bone_name = "Foot_L"
joint_constraints/angular_limit_enabled = true
joint_constraints/angular_limit_upper = 45.0
joint_constraints/angular_limit_lower = -45.0
joint_constraints/angular_limit_bias = 0.3
joint_constraints/angular_limit_softness = 0.9
joint_constraints/angular_limit_relaxation = 1.0
script = ExtResource("5_eiabh")

[node name="CollisionShape3D" type="CollisionShape3D" parent="ape_orangutan/Armature_Orang/Skeleton3D/Ragdoll/Physical Bone Foot_L" unique_id=711082574]
transform = Transform3D(0.96206564, 0.254274, 0.09886648, -0.24878938, 0.9664055, -0.06453225, -0.11195397, 0.037487358, 0.993006, 0.02200979, 0.079571776, -0.010245115)
shape = SubResource("CapsuleShape3D_fnqgs")

[node name="Physical Bone Thigh_R" type="PhysicalBone3D" parent="ape_orangutan/Armature_Orang/Skeleton3D/Ragdoll" unique_id=1140794336]
transform = Transform3D(0.2757491, -0.18023254, -0.019459896, -0.1515454, -0.20974715, -0.2047929, 0.09948086, 0.18006217, -0.25803334, -0.03716627, 0.083260976, -0.07752594)
collision_layer = 4
collision_mask = 17
joint_type = 2
joint_offset = Transform3D(1, 0, 0, 0, 1, 0, 0, 0, 1, 0.0023770677, -0.0016686032, 0.007208477)
body_offset = Transform3D(0.9999809, 0.002538979, 0.0056248754, -0.002593577, 0.9999491, 0.00974071, -0.0055998713, -0.009755135, 0.99993646, -0.0024133325, 0.0016044676, -0.007210985)
friction = 0.4
bounce = 0.2
bone_name = "Thigh_R"
joint_constraints/swing_span = 65.0
joint_constraints/twist_span = 19.999992
joint_constraints/bias = 0.3
joint_constraints/softness = 0.8
joint_constraints/relaxation = 1.0
script = ExtResource("5_eiabh")

[node name="CollisionShape3D2" type="CollisionShape3D" parent="ape_orangutan/Armature_Orang/Skeleton3D/Ragdoll/Physical Bone Thigh_R" unique_id=454797116]
transform = Transform3D(0.9937549, 0.102915734, 0.043105483, -0.10113806, 0.9940035, -0.041582793, -0.0471265, 0.036963552, 0.9982048, -0.029236495, 0.125, -0.013)
shape = SubResource("CapsuleShape3D_12e65")

[node name="Physical Bone Shin_R" type="PhysicalBone3D" parent="ape_orangutan/Armature_Orang/Skeleton3D/Ragdoll" unique_id=1749021384]
