[gd_scene format=3 uid="uid://ve8nce537602"]

[ext_resource type="Script" uid="uid://lgmqlkuewowp" path="res://ape/scripts/ape_body.gd" id="1_xsmid"]
[ext_resource type="PackedScene" uid="uid://cubf81kdaddng" path="res://ape/orangutan/ape_orangutan.blend" id="2_dg7gw"]
[ext_resource type="Script" uid="uid://bb6okqe1l22n5" path="res://ape/scripts/ragdoll.gd" id="3_nf1pf"]
[ext_resource type="Script" uid="uid://qqt81cqdd6n8" path="res://ape/scripts/rigid_body_hitbox.gd" id="4_n1hoy"]
[ext_resource type="Script" uid="uid://c5ogdg5hcnibf" path="res://ape/scripts/camera_pivot.gd" id="5_qa2p8"]
[ext_resource type="Script" uid="uid://4p57jdyc06ob" path="res://ape/scripts/hand_ray_cast.gd" id="6_gh7jo"]
[ext_resource type="Script" uid="uid://dr0wqty80sjn7" path="res://ape/scripts/ape_input.gd" id="7_qifcs"]
[ext_resource type="Script" uid="uid://dnm8oseo2h6ro" path="res://ape/scripts/player_state.gd" id="8_lk782"]
[ext_resource type="Script" uid="uid://trfwgwd6pb83" path="res://ape/scripts/grabbo.gd" id="9_o015y"]
[ext_resource type="Script" uid="uid://c5gwdr6pcl066" path="res://ape/scripts/authority_manager.gd" id="10_m4k8k"]
[ext_resource type="Script" uid="uid://bvw7dpc6a2dwl" path="res://ape/scripts/animation_tree.gd" id="11_dg7gw"]

[sub_resource type="CapsuleShape3D" id="CapsuleShape3D_t2650"]
radius = 0.49902344
height = 0.9980469

[sub_resource type="JointLimitationCone3D" id="JointLimitationCone3D_vurlm"]
angle = 1.2356931

[sub_resource type="JointLimitationCone3D" id="JointLimitationCone3D_pb1wn"]
angle = 2.9761355

[sub_resource type="JointLimitationCone3D" id="JointLimitationCone3D_yop2s"]
angle = 3.9091885

[sub_resource type="CapsuleShape3D" id="CapsuleShape3D_wppca"]
radius = 0.24804688
height = 0.49609375

[sub_resource type="CylinderShape3D" id="CylinderShape3D_n5wll"]
height = 0.79833984
radius = 0.29736328

[sub_resource type="CapsuleShape3D" id="CapsuleShape3D_54pyi"]
radius = 0.2421875
height = 0.61431885

[sub_resource type="CapsuleShape3D" id="CapsuleShape3D_n5wll"]
radius = 0.14389038
height = 0.28778076

[sub_resource type="CapsuleShape3D" id="CapsuleShape3D_pe46d"]
radius = 0.17697144
height = 0.35394287

[sub_resource type="CapsuleShape3D" id="CapsuleShape3D_vurlm"]
radius = 0.18408203
height = 0.41308594

[sub_resource type="CapsuleShape3D" id="CapsuleShape3D_pb1wn"]
radius = 0.091
height = 0.508448

[sub_resource type="CapsuleShape3D" id="CapsuleShape3D_c5vop"]
radius = 0.064
height = 0.3959038

[sub_resource type="CapsuleShape3D" id="CapsuleShape3D_yop2s"]
radius = 0.07
height = 0.14

[sub_resource type="CapsuleShape3D" id="CapsuleShape3D_ah3bo"]
radius = 0.093
height = 0.413

[sub_resource type="CapsuleShape3D" id="CapsuleShape3D_cg0of"]
radius = 0.064
height = 0.32408106

[sub_resource type="CapsuleShape3D" id="CapsuleShape3D_6yin8"]
radius = 0.075
height = 0.25

[sub_resource type="SceneReplicationConfig" id="SceneReplicationConfig_wppca"]
properties/0/path = NodePath(".:transform")
properties/0/spawn = true
properties/0/replication_mode = 1
properties/1/path = NodePath(".:velocity")
properties/1/spawn = true
properties/1/replication_mode = 1
properties/2/path = NodePath("PlayerState:current_state")
properties/2/spawn = true
properties/2/replication_mode = 1
properties/3/path = NodePath("LookPivot:rotation")
properties/3/spawn = true
properties/3/replication_mode = 1
properties/4/path = NodePath("ape_orangutan:transform")
properties/4/spawn = true
properties/4/replication_mode = 1
properties/5/path = NodePath("ape_orangutan/Armature_Orang/Skeleton3D/ArmRightIK:influence")
properties/5/spawn = true
properties/5/replication_mode = 1
properties/6/path = NodePath("HangJointRight:transform")
properties/6/spawn = true
properties/6/replication_mode = 1
properties/7/path = NodePath("HangJointRight:node_a")
properties/7/spawn = true
properties/7/replication_mode = 1
properties/8/path = NodePath("HangJointRight:node_b")
properties/8/spawn = true
properties/8/replication_mode = 1

[sub_resource type="AnimationNodeAnimation" id="AnimationNodeAnimation_dg7gw"]
animation = &"Orang_Walk"

[sub_resource type="AnimationNodeAnimation" id="AnimationNodeAnimation_saxvm"]
animation = &"Orang_crouch"

[sub_resource type="AnimationNodeAnimation" id="AnimationNodeAnimation_g16rh"]
animation = &"Orang_idle"

[sub_resource type="AnimationNodeStateMachineTransition" id="AnimationNodeStateMachineTransition_e25ti"]
advance_mode = 2

[sub_resource type="AnimationNodeStateMachineTransition" id="AnimationNodeStateMachineTransition_6fun5"]
xfade_time = 0.2
advance_mode = 2
advance_expression = "ape.velocity.length()>0"

[sub_resource type="Curve" id="Curve_dg7gw"]
_data = [Vector2(0, 0), 0.0, 0.0, 0, 0, Vector2(0.5047259, 0.7999315), 1.1129055, 1.1129055, 0, 0, Vector2(1, 1), 0.0, 0.0, 0, 0]
point_count = 3

[sub_resource type="AnimationNodeStateMachineTransition" id="AnimationNodeStateMachineTransition_pv3yb"]
xfade_time = 0.1
xfade_curve = SubResource("Curve_dg7gw")
advance_mode = 2
advance_expression = "!ape.is_on_floor()"

[sub_resource type="AnimationNodeStateMachineTransition" id="AnimationNodeStateMachineTransition_irwbq"]
xfade_time = 0.1
advance_mode = 2
advance_expression = "ape.is_on_floor()"

[sub_resource type="AnimationNodeStateMachineTransition" id="AnimationNodeStateMachineTransition_dg7gw"]
xfade_time = 0.25
advance_mode = 2
advance_expression = "ape.velocity.length()==0"

[sub_resource type="AnimationNodeStateMachineTransition" id="AnimationNodeStateMachineTransition_eiabh"]
xfade_time = 0.1
xfade_curve = SubResource("Curve_dg7gw")
advance_mode = 2
advance_expression = "!ape.is_on_floor()"

[sub_resource type="AnimationNodeStateMachine" id="AnimationNodeStateMachine_b4p6a"]
states/Orang_Walk/node = SubResource("AnimationNodeAnimation_dg7gw")
states/Orang_Walk/position = Vector2(254, 199)
states/Orang_crouch/node = SubResource("AnimationNodeAnimation_saxvm")
states/Orang_crouch/position = Vector2(398, 29)
states/Orang_idle/node = SubResource("AnimationNodeAnimation_g16rh")
states/Orang_idle/position = Vector2(240, 100)
states/Start/position = Vector2(86, 94)
transitions = ["Start", "Orang_idle", SubResource("AnimationNodeStateMachineTransition_e25ti"), "Orang_idle", "Orang_Walk", SubResource("AnimationNodeStateMachineTransition_6fun5"), "Orang_idle", "Orang_crouch", SubResource("AnimationNodeStateMachineTransition_pv3yb"), "Orang_crouch", "Orang_idle", SubResource("AnimationNodeStateMachineTransition_irwbq"), "Orang_Walk", "Orang_idle", SubResource("AnimationNodeStateMachineTransition_dg7gw"), "Orang_Walk", "Orang_crouch", SubResource("AnimationNodeStateMachineTransition_eiabh")]

[sub_resource type="AnimationNodeBlendTree" id="AnimationNodeBlendTree_l1uv5"]
graph_offset = Vector2(-114.6264, -14.308838)
nodes/StateMachine/node = SubResource("AnimationNodeStateMachine_b4p6a")
nodes/StateMachine/position = Vector2(-40, 140)
node_connections = [&"output", 0, &"StateMachine"]

[node name="Player" type="CharacterBody3D" unique_id=1802699836 node_paths=PackedStringArray("input", "camera", "look", "model", "state")]
collision_layer = 2
collision_mask = 3
script = ExtResource("1_xsmid")
speed = 3.0
ground_rotation_speed = 5.0
input = NodePath("Input")
camera = NodePath("LookPivot/Camera3D")
look = NodePath("LookPivot")
model = NodePath("ape_orangutan")
state = NodePath("PlayerState")

[node name="CollisionShape3D" type="CollisionShape3D" parent="." unique_id=971283472]
transform = Transform3D(-4.371139e-08, 1, 0, -1, -4.371139e-08, 0, 0, 0, 1, 0, 0.47509766, -0.11836536)
visible = false
shape = SubResource("CapsuleShape3D_t2650")

[node name="ape_orangutan" parent="." unique_id=1487470283 instance=ExtResource("2_dg7gw")]
transform = Transform3D(-1, 0, -8.742278e-08, 0, 1, 0, 8.742278e-08, 0, -1, 0, 0, 0)

[node name="Skeleton3D" parent="ape_orangutan/Armature_Orang" parent_id_path=PackedInt32Array(1487470283, 637657304) index="0" unique_id=1638835662]
bones/1/position = Vector3(4.0300865e-14, 1.9426478, 0.3974252)
bones/2/position = Vector3(-0.3603421, 0.12570447, 0.53421086)
bones/2/rotation = Quaternion(4.3697188e-08, -0.02548535, 0.9996752, -1.1139992e-09)
bones/3/position = Vector3(-0.3009643, 0.47386995, 0.111370206)
bones/3/rotation = Quaternion(-0.19421354, 0.6900166, -0.69268316, 0.0796758)
bones/4/position = Vector3(-0.06873547, 0.30028573, 0.42565292)
bones/5/position = Vector3(-0.14016512, -0.05082156, 0.061301384)
bones/5/rotation = Quaternion(0.11915757, -0.6993286, 0.28120747, 0.64626884)
bones/6/position = Vector3(0.36034217, 0.12570447, 0.5342109)
bones/6/rotation = Quaternion(4.3697188e-08, -0.02548535, 0.9996752, -1.1139992e-09)
bones/7/position = Vector3(0.3009643, 0.47386995, 0.111370206)
bones/7/rotation = Quaternion(0.19421357, 0.6900166, -0.6926832, -0.07967582)
bones/8/position = Vector3(0.06873547, 0.30028573, 0.42565292)
bones/9/position = Vector3(0.14016512, -0.05082156, 0.061301384)
bones/9/rotation = Quaternion(0.11915757, 0.6993286, -0.28120747, 0.64626884)
bones/10/position = Vector3(6.651855e-05, -0.13745527, 0.27577022)
bones/10/rotation = Quaternion(1.3417105e-07, 0.9594842, 0.28176242, 5.3542595e-07)
bones/11/rotation = Quaternion(0.16791229, 8.149007e-08, -1.5908722e-07, 0.98580194)
bones/12/rotation = Quaternion(0.2814086, 1.478802e-06, 1.9471747e-07, 0.9595881)
bones/13/rotation = Quaternion(-0.15516207, -3.4836476e-06, -2.278728e-05, 0.98788905)
bones/16/rotation = Quaternion(0.76768017, 0.6300478, 0.09022344, 0.07461039)
bones/17/rotation = Quaternion(-0.11612641, -0.44070855, 0.112476595, 0.8829721)
bones/18/rotation = Quaternion(-0.58977234, -0.20072956, 0.6466533, 0.4401316)
bones/19/rotation = Quaternion(0.37158743, -0.15897734, -0.5555245, 0.72666466)
bones/20/rotation = Quaternion(0.61488503, 0.08976859, -0.15805171, 0.7673837)
bones/21/rotation = Quaternion(0.8402194, 0.015071286, -0.034139547, 0.540961)
bones/22/rotation = Quaternion(0.5259907, -0.28141648, -0.06729437, 0.7997562)
bones/24/rotation = Quaternion(0.62400496, -0.08488151, -0.223102, 0.74406886)
bones/25/rotation = Quaternion(0.73857147, 0.110073835, -0.29959065, 0.5938361)
bones/26/rotation = Quaternion(0.76768106, -0.6300487, -0.090217, 0.07460231)
bones/27/rotation = Quaternion(-0.11626202, 0.44072115, -0.11267743, 0.88292235)
bones/28/rotation = Quaternion(-0.5899056, 0.20058133, -0.6467989, 0.4398063)
bones/29/rotation = Quaternion(0.37162042, 0.15882446, 0.55570626, 0.7265423)
bones/30/rotation = Quaternion(0.614885, -0.08976861, 0.15805167, 0.7673837)
bones/31/rotation = Quaternion(0.8402194, -0.015071329, 0.03413956, 0.54096097)
bones/32/position = Vector3(0.018465336, 0.105905615, 0.014835339)
bones/32/rotation = Quaternion(0.62400496, 0.084881485, 0.22310194, 0.7440689)
bones/33/rotation = Quaternion(0.73857135, -0.110073835, 0.2995907, 0.59383625)
bones/34/rotation = Quaternion(0.52599066, 0.28141657, 0.06729435, 0.7997563)
bones/36/rotation = Quaternion(0.65536684, 0.72970366, 0.09139436, 0.17226127)
bones/37/rotation = Quaternion(-0.19578682, -0.66755956, 0.22828287, 0.68111575)
bones/38/rotation = Quaternion(0.71929103, -0.017833209, 0.6404052, 0.26867017)
bones/39/rotation = Quaternion(-0.36000142, 0.14971301, -0.9207394, -0.014963178)
bones/40/rotation = Quaternion(-0.034143746, 0.88755524, -0.06985925, 0.45409206)
bones/41/position = Vector3(0.039142445, 0.028837094, 0.03866555)
bones/41/rotation = Quaternion(-0.15224452, -0.8453407, 0.037964676, 0.5106657)
bones/42/rotation = Quaternion(0.00847299, 0.8855601, -0.0923494, -0.4551737)
bones/43/position = Vector3(-0.043649405, -0.024467414, -0.058716673)
bones/43/rotation = Quaternion(0.016035995, 0.86718106, -0.48570782, -0.10875581)
bones/44/rotation = Quaternion(-0.03783698, -0.4003064, 0.03324155, 0.91499627)
bones/45/rotation = Quaternion(-0.6553667, 0.7297035, 0.09139517, -0.17226207)
bones/46/rotation = Quaternion(-0.19607201, 0.66744006, -0.22854827, 0.681062)
bones/47/rotation = Quaternion(0.7193019, 0.017829979, -0.640415, 0.2686177)
bones/48/rotation = Quaternion(-0.35989982, -0.1493083, 0.9208427, -0.015096009)
bones/49/rotation = Quaternion(0.034143798, 0.88755524, -0.069859274, -0.45409206)
bones/50/position = Vector3(-0.03914247, 0.028837115, 0.03866558)
bones/50/rotation = Quaternion(-0.15224443, 0.8453408, -0.037964568, 0.5106656)
bones/51/rotation = Quaternion(-0.008472929, 0.8855601, -0.09234924, 0.45517376)
bones/52/position = Vector3(0.043649398, -0.024467422, -0.05871666)
bones/52/rotation = Quaternion(-0.016036, 0.8671811, -0.48570767, 0.10875581)
bones/53/rotation = Quaternion(-0.037836928, 0.4003064, -0.03324153, 0.91499627)

[node name="Head" type="BoneAttachment3D" parent="ape_orangutan/Armature_Orang/Skeleton3D" index="1" unique_id=1092656707]
transform = Transform3D(1, 5.115898e-05, 4.787091e-06, -3.8316575e-06, 0.1671534, -0.98593056, -5.1239393e-05, 0.9859306, 0.16715316, -6.2146246e-05, 0.45246387, 0.34689552)
bone_name = "Head"
bone_idx = 13

[node name="Hand_R" type="BoneAttachment3D" parent="ape_orangutan/Armature_Orang/Skeleton3D" index="2" unique_id=1106184745]
transform = Transform3D(0.7798759, -0.06182039, -0.6228733, -0.34785074, 0.78449225, -0.513392, 0.5203775, 0.6170489, 0.59030247, -0.13812287, 0.79755443, 0.87798727)
bone_name = "Hand_R"
bone_idx = 29

[node name="HoldingSpaceRight" type="Marker3D" parent="ape_orangutan/Armature_Orang/Skeleton3D/Hand_R" unique_id=1326193733]
transform = Transform3D(0.99999946, -1.0058284e-06, -1.7881393e-07, 9.797513e-07, 0.9999993, 1.1324883e-06, 1.6391277e-07, -1.4007092e-06, 0.9999991, -0.03665997, 0.08608669, 0.0808467)

[node name="Spine" type="BoneAttachment3D" parent="ape_orangutan/Armature_Orang/Skeleton3D" index="3" unique_id=581318483]
transform = Transform3D(1, 8.812785e-06, -1.15656e-06, -3.0884528e-06, 0.22250456, -0.9749315, -8.334526e-06, 0.97493166, 0.22250438, -6.650493e-05, 0.44219786, -0.017377824)
bone_name = "Spine"
bone_idx = 11

[node name="RayCast3D" type="RayCast3D" parent="ape_orangutan/Armature_Orang/Skeleton3D/Spine" unique_id=639199195 node_paths=PackedStringArray("target_child", "ignore_these")]
transform = Transform3D(-1, -2.5189154e-06, 8.557606e-06, -8.854693e-06, 0.18762134, -0.98224175, 8.6882204e-07, -0.982241, -0.18762168, -0.32130536, 0.21029215, 0.012489617)
target_position = Vector3(0, 0, -1.605)
collision_mask = 17
debug_shape_custom_color = Color(1, 0.3447545, 0.55754477, 1)
debug_shape_thickness = 5
script = ExtResource("6_gh7jo")
target_child = NodePath("../../../../../LookPivot/HandTargetRight")
ignore_these = [NodePath("../../../../..")]

[node name="SpineLookAt" type="LookAtModifier3D" parent="ape_orangutan/Armature_Orang/Skeleton3D" index="4" unique_id=360982078]
transform = Transform3D(3.030303, 0, 0, 0, 3.030303, 0, 0, 0, 3.030303, 0, 0, 0)
influence = 0.25
target_node = NodePath("../../../../LookPivot/LookAtMe")
bone_name = "Spine"
bone = 11
forward_axis = 2
primary_rotation_axis = 2
relative = true
duration = 0.15
transition_type = 1
ease_type = 2

[node name="NeckLookAt" type="LookAtModifier3D" parent="ape_orangutan/Armature_Orang/Skeleton3D" index="5" unique_id=415999757]
transform = Transform3D(3.030303, 0, 0, 0, 3.030303, 0, 0, 0, 3.030303, 0, 0, 0)
influence = 0.25
target_node = NodePath("../../../../LookPivot/LookAtMe")
bone_name = "Neck"
bone = 12
forward_axis = 2
primary_rotation_axis = 0
relative = true
duration = 0.15
transition_type = 1
ease_type = 2

[node name="HeadLookAt" type="LookAtModifier3D" parent="ape_orangutan/Armature_Orang/Skeleton3D" index="6" unique_id=1610885507]
transform = Transform3D(3.030303, 0, 0, 0, 3.030303, 0, 0, 0, 3.030303, 0, 0, 0)
influence = 0.5
target_node = NodePath("../../../../LookPivot/LookAtMe")
bone_name = "Head"
bone = 13
forward_axis = 2
primary_rotation_axis = 2
relative = true
duration = 0.15
transition_type = 1
ease_type = 2

[node name="ArmRightIK" type="JacobianIK3D" parent="ape_orangutan/Armature_Orang/Skeleton3D" index="7" unique_id=504262015]
angular_delta_limit = 0.08726646259971647
setting_count = 1
settings/0/target_node = NodePath("../../../../LookPivot/HandTargetRight")
settings/0/root_bone_name = "Shoulder_R"
settings/0/root_bone = 26
settings/0/end_bone_name = "Finger_R"
settings/0/end_bone = 30
settings/0/extend_end_bone = false
settings/0/joint_count = 5
settings/0/joints/0/rotation_axis = 3
settings/0/joints/0/limitation = SubResource("JointLimitationCone3D_vurlm")
settings/0/joints/0/limitation/right_axis = 2
settings/0/joints/0/limitation/rotation_offset = Quaternion(0.165, -1.095, -0.035, 1.31)
settings/0/joints/1/rotation_axis = 3
settings/0/joints/1/limitation = SubResource("JointLimitationCone3D_pb1wn")
settings/0/joints/1/limitation/right_axis = 0
settings/0/joints/1/limitation/rotation_offset = Quaternion(0, 0.48, -0.095, -0.41)
settings/0/joints/2/rotation_axis = 3
settings/0/joints/2/limitation = SubResource("JointLimitationCone3D_yop2s")
settings/0/joints/2/limitation/right_axis = 0
settings/0/joints/2/limitation/rotation_offset = Quaternion(-0.84, -0.105, -0.225, 0.95)
settings/0/joints/3/rotation_axis = 3
settings/0/joints/3/limitation = null
settings/0/joints/4/rotation_axis = 3
settings/0/joints/4/limitation = null

[node name="Ragdoll" type="PhysicalBoneSimulator3D" parent="ape_orangutan/Armature_Orang/Skeleton3D" index="8" unique_id=589803041 node_paths=PackedStringArray("input", "state", "ape", "skeleton", "look_pivot")]
transform = Transform3D(3.030303, 0, 0, 0, 3.030303, 0, 0, 0, 3.030303, 0, 0, 0)
influence = 0.0
script = ExtResource("3_nf1pf")
input = NodePath("../../../../Input")
state = NodePath("../../../../PlayerState")
ape = NodePath("../../../..")
skeleton = NodePath("..")
look_pivot = NodePath("../../../../LookPivot")
get_up_speed = 2.5

[node name="Physical Bone Pelvis" type="PhysicalBone3D" parent="ape_orangutan/Armature_Orang/Skeleton3D/Ragdoll" unique_id=406821728]
transform = Transform3D(0.33, 6.3966823e-09, -3.747187e-07, -3.1867293e-07, 0.1784379, -0.2775967, 1.9723731e-07, 0.27759668, 0.17843792, -2.214078e-05, 0.09212614, -0.092363924)
collision_layer = 4
joint_type = 2
joint_offset = Transform3D(1, 0, 0, 0, 1, 0, 0, 0, 1, 5.8014416e-07, 0.0011745004, 0.0047966624)
body_offset = Transform3D(1, -2.4908388e-08, -3.2438436e-08, 2.4909383e-08, 0.9999999, 3.299117e-05, 3.2437526e-08, -3.296137e-05, 1.0000001, -5.799593e-07, -0.0011746585, -0.004796624)
friction = 0.4
bounce = 0.2
bone_name = "Pelvis"
joint_constraints/swing_span = 9.999996
joint_constraints/twist_span = 180.0
joint_constraints/bias = 0.3
joint_constraints/softness = 0.8
joint_constraints/relaxation = 1.0

[node name="CollisionShape3D" type="CollisionShape3D" parent="ape_orangutan/Armature_Orang/Skeleton3D/Ragdoll/Physical Bone Pelvis" unique_id=1414895023]
transform = Transform3D(1, 1.7763568e-15, -7.1054274e-15, 0, 0, 1, 0, -1, 0, -1.5464547e-08, 0.1585498, 0.107316256)
shape = SubResource("CapsuleShape3D_wppca")

[node name="PushablePusher" type="Area3D" parent="ape_orangutan/Armature_Orang/Skeleton3D/Ragdoll/Physical Bone Pelvis" unique_id=1087675309 node_paths=PackedStringArray("ape", "state", "ragdoll")]
transform = Transform3D(1, 2.6310645e-06, 7.969869e-06, -7.973456e-06, 0.58685553, 0.80969155, -2.5543834e-06, -0.80969167, 0.5868559, -1.0043368e-06, -0.023659497, 0.62496156)
collision_layer = 0
collision_mask = 16
script = ExtResource("4_n1hoy")
ape = NodePath("../../../../../..")
state = NodePath("../../../../../../PlayerState")
ragdoll = NodePath("../..")

[node name="CollisionShape3D" type="CollisionShape3D" parent="ape_orangutan/Armature_Orang/Skeleton3D/Ragdoll/Physical Bone Pelvis/PushablePusher" unique_id=2006120402]
transform = Transform3D(1, -8.242296e-13, -1.8189894e-11, -3.7800874e-12, 1.0000018, -3.7252903e-09, 9.094947e-13, -2.9802322e-08, 1.0000018, -4.2164174e-08, 0.6047479, 0.0020746924)
shape = SubResource("CylinderShape3D_n5wll")

[node name="Physical Bone Spine" type="PhysicalBone3D" parent="ape_orangutan/Armature_Orang/Skeleton3D/Ragdoll" unique_id=1598314396]
transform = Transform3D(0.33, 2.841488e-06, -3.9511195e-07, -1.0175157e-06, 0.07343426, -0.3217257, -2.6823175e-06, 0.3217257, 0.07343426, -2.2304683e-05, 0.14848942, -0.0058140694)
collision_layer = 4
joint_type = 2
joint_offset = Transform3D(1, 0, 0, 0, 1, 0, 0, 0, 1, 1.1070181e-06, -0.0014945178, 0.00762876)
body_offset = Transform3D(1, -2.0224616e-07, -4.096205e-08, 2.0224797e-07, 1.0000001, 2.4229288e-05, 4.095591e-08, -2.4110079e-05, 1.0000004, -1.1070078e-06, 0.0014943331, -0.0076287985)
friction = 0.4
bounce = 0.2
bone_name = "Spine"
joint_constraints/swing_span = 4.999998
joint_constraints/twist_span = 39.999985
joint_constraints/bias = 0.3
joint_constraints/softness = 0.8
joint_constraints/relaxation = 1.0

[node name="CollisionShape3D" type="CollisionShape3D" parent="ape_orangutan/Armature_Orang/Skeleton3D/Ragdoll/Physical Bone Spine" unique_id=445052303]
transform = Transform3D(1, 3.5063195e-07, 2.3518237e-07, -4.016751e-07, 0.96167964, 0.2741776, -1.3003512e-07, -0.2741777, 0.9616792, -8.0137e-08, 0.076402396, 0.117420435)
shape = SubResource("CapsuleShape3D_54pyi")

[node name="Physical Bone Neck" type="PhysicalBone3D" parent="ape_orangutan/Armature_Orang/Skeleton3D/Ragdoll" unique_id=1219001923]
transform = Transform3D(0.33, 5.0517456e-06, -1.1321741e-06, -3.7938893e-08, -0.069806166, -0.32253233, -5.176921e-06, 0.32253236, -0.06980616, -2.1703187e-05, 0.16374716, 0.061076533)
collision_layer = 4
collision_mask = 17
joint_type = 2
joint_offset = Transform3D(1, 0, 0, 0, 1, 0, 0, 0, 1, 1.1114267e-06, -0.0008735533, 0.008803354)
body_offset = Transform3D(1, 1.4198304e-07, -5.974425e-08, -1.4208672e-07, 0.99999905, -0.0016806275, 5.9500508e-08, 0.0016808659, 0.99999905, -1.1107768e-06, 0.0008883476, -0.0088018775)
friction = 0.4
bounce = 0.2
bone_name = "Neck"
joint_constraints/swing_span = 19.999992
joint_constraints/twist_span = 24.999996
joint_constraints/bias = 0.3
joint_constraints/softness = 0.8
joint_constraints/relaxation = 1.0

[node name="CollisionShape3D" type="CollisionShape3D" parent="ape_orangutan/Armature_Orang/Skeleton3D/Ragdoll/Physical Bone Neck" unique_id=465597284]
transform = Transform3D(1, 1.106147e-06, 2.768926e-07, -1.1006739e-06, 0.8516721, 0.524075, 3.1126189e-07, -0.524075, 0.8516723, 6.4844244e-08, 0.14075811, 0.053019404)
shape = SubResource("CapsuleShape3D_n5wll")

[node name="Physical Bone Head" type="PhysicalBone3D" parent="ape_orangutan/Armature_Orang/Skeleton3D/Ragdoll" unique_id=1121487032]
transform = Transform3D(0.33, 1.7852302e-05, 1.7163156e-06, -1.2918965e-06, 0.055160478, -0.32535723, -1.7888024e-05, 0.32535726, 0.055160478, -2.0887903e-05, 0.15194958, 0.11606531)
collision_layer = 4
collision_mask = 17
joint_type = 2
joint_offset = Transform3D(1, 0, 0, 0, 1, 0, 0, 0, 1, 1.4428489e-06, -0.006085182, 0.0070717335)
body_offset = Transform3D(1, 2.938872e-06, 4.1387557e-07, -2.9389012e-06, 1.0000005, -2.9802322e-07, -4.1389012e-07, 5.066395e-07, 1.0000005, -1.4278921e-06, 0.006085187, -0.0070717335)
friction = 0.4
bounce = 0.2
bone_name = "Head"
joint_constraints/swing_span = 24.999996
joint_constraints/twist_span = 19.999992
joint_constraints/bias = 0.3
joint_constraints/softness = 0.8
joint_constraints/relaxation = 1.0

[node name="CollisionShape3D" type="CollisionShape3D" parent="ape_orangutan/Armature_Orang/Skeleton3D/Ragdoll/Physical Bone Head" unique_id=600854772]
transform = Transform3D(0.99994695, -0.002134634, -0.010077274, 0.00027098507, 0.9834103, -0.18141994, 0.010297311, 0.1814082, 0.9833542, 9.1708825e-05, 0.111748844, 0.022595644)
shape = SubResource("CapsuleShape3D_pe46d")

[node name="Physical Bone Shoulder_L" type="PhysicalBone3D" parent="ape_orangutan/Armature_Orang/Skeleton3D/Ragdoll" unique_id=1011885616]
transform = Transform3D(0.062830344, 0.31482294, 0.076412484, 0.057607386, -0.08745312, 0.31294307, 0.31880048, -0.046243634, -0.071608596, -1.84697e-06, 0.16381432, 0.061222617)
collision_layer = 4
collision_mask = 17
joint_type = 2
joint_offset = Transform3D(1, 0, 0, 0, 1, 0, 0, 0, 1, -0.004568011, 0.0026713975, -0.007505467)
body_offset = Transform3D(1, -0.00064206123, 0.00010894239, 0.00064224005, 0.9999994, -0.0010592882, -0.00010843575, 0.0010593235, 0.99999964, 0.0045705438, -0.0026764125, 0.0075021386)
friction = 0.4
bounce = 0.2
bone_name = "Shoulder_L"
joint_constraints/swing_span = 39.999985
joint_constraints/twist_span = 9.999996
joint_constraints/bias = 0.3
joint_constraints/softness = 0.8
joint_constraints/relaxation = 1.0

[node name="CollisionShape3D" type="CollisionShape3D" parent="ape_orangutan/Armature_Orang/Skeleton3D/Ragdoll/Physical Bone Shoulder_L" unique_id=1065188310]
transform = Transform3D(1.0000013, 6.482005e-07, 0, -9.313226e-10, 1.0000005, 6.519258e-09, 0, -1.9324943e-07, 1.0000004, 0.0056129694, 0.126, -0.07021457)
shape = SubResource("CapsuleShape3D_vurlm")

[node name="Physical Bone Arm_Upper_L" type="PhysicalBone3D" parent="ape_orangutan/Armature_Orang/Skeleton3D/Ragdoll" unique_id=501162425]
transform = Transform3D(0.19212624, 0.2670809, 0.025598992, 0.24162538, -0.18591991, 0.12629718, 0.11663915, -0.054786768, -0.30379882, 0.07043608, 0.14372411, 0.052489195)
collision_layer = 4
collision_mask = 17
joint_type = 2
joint_offset = Transform3D(1, 0, 0, 0, 1, 0, 0, 0, 1, -0.0077342535, 0.0064977407, 0.0045828233)
body_offset = Transform3D(0.99992603, -0.010347214, -0.0064363778, 0.010323536, 0.9999399, -0.003736049, 0.006474614, 0.0036692321, 0.99997246, 0.007830411, -0.006400384, -0.004556462)
friction = 0.4
bounce = 0.2
bone_name = "Arm_Upper_L"
joint_constraints/swing_span = 49.999992
joint_constraints/twist_span = 30.0
joint_constraints/bias = 0.3
joint_constraints/softness = 0.8
joint_constraints/relaxation = 1.0

[node name="CollisionShape3D" type="CollisionShape3D" parent="ape_orangutan/Armature_Orang/Skeleton3D/Ragdoll/Physical Bone Arm_Upper_L" unique_id=1140243226]
transform = Transform3D(0.9999997, 1.4882535e-06, 1.9669533e-06, -3.259629e-08, 0.99999535, 1.3299286e-06, 1.7881393e-07, -3.091991e-07, 0.9999914, 0.005, 0.216, -0.014)
shape = SubResource("CapsuleShape3D_pb1wn")

[node name="Physical Bone Arm_Lower_L" type="PhysicalBone3D" parent="ape_orangutan/Armature_Orang/Skeleton3D/Ragdoll" unique_id=1790107468]
transform = Transform3D(0.21878465, -0.22385494, -0.1045096, -0.20228985, -0.08219017, -0.24743406, 0.1418172, 0.22810908, -0.1917137, 0.18395689, 0.06660245, 0.028836334)
collision_layer = 4
collision_mask = 17
joint_type = 3
joint_offset = Transform3D(1, 0, 0, 0, 1, 0, 0, 0, 1, -0.0030743312, 0.0042124777, 0.005996673)
body_offset = Transform3D(0.99991167, 0.012943327, -0.0030722618, -0.012913913, 0.9998721, 0.009460628, 0.0031943023, -0.009420067, 0.99995065, 0.0030379593, -0.0043083727, -0.0059468746)
friction = 0.4
bounce = 0.2
bone_name = "Arm_Lower_L"
joint_constraints/angular_limit_enabled = true
joint_constraints/angular_limit_upper = 99.999985
joint_constraints/angular_limit_lower = -99.999985
joint_constraints/angular_limit_bias = 0.3
joint_constraints/angular_limit_softness = 0.9
joint_constraints/angular_limit_relaxation = 1.0

[node name="CollisionShape3D" type="CollisionShape3D" parent="ape_orangutan/Armature_Orang/Skeleton3D/Ragdoll/Physical Bone Arm_Lower_L" unique_id=271854951]
transform = Transform3D(0.9925505, -0.0112032555, -0.12131918, 0.008724622, 0.9997458, -0.020942487, 0.12152221, 0.019728009, 0.9923958, 0, 0.232, -0.021)
shape = SubResource("CapsuleShape3D_c5vop")

[node name="Physical Bone Hand_L" type="PhysicalBone3D" parent="ape_orangutan/Armature_Orang/Skeleton3D/Ragdoll" unique_id=711070125]
transform = Transform3D(0.29942653, 0.05353813, -0.12797429, 0.055296548, -0.32526523, -0.0066953963, -0.12722437, -0.015368961, -0.30410156, 0.102460824, 0.0363664, 0.109503806)
collision_layer = 4
collision_mask = 17
joint_type = 3
joint_offset = Transform3D(1, 0, 0, 0, 1, 0, 0, 0, 1, -0.009100526, 0.00033594586, 0.0038075661)
body_offset = Transform3D(0.99993324, 0.0058321133, -0.009996533, -0.0058365017, 0.999983, -0.00042096153, 0.009993821, 0.00047918037, 0.9999501, 0.009136021, -0.00038745254, -0.003716588)
friction = 0.4
bounce = 0.2
bone_name = "Hand_L"
joint_constraints/angular_limit_enabled = true
joint_constraints/angular_limit_upper = 45.0
joint_constraints/angular_limit_lower = -45.0
joint_constraints/angular_limit_bias = 0.3
joint_constraints/angular_limit_softness = 0.9
joint_constraints/angular_limit_relaxation = 1.0

[node name="CollisionShape3D" type="CollisionShape3D" parent="ape_orangutan/Armature_Orang/Skeleton3D/Ragdoll/Physical Bone Hand_L" unique_id=33125335]
transform = Transform3D(0.9968977, 0.0677148, -0.03972742, -0.076128095, 0.9574342, -0.27840218, 0.019184709, 0.28056636, 0.9596361, -0.0068920404, 0.07364557, 0.02949211)
shape = SubResource("CapsuleShape3D_yop2s")

[node name="Physical Bone Shoulder_R" type="PhysicalBone3D" parent="ape_orangutan/Armature_Orang/Skeleton3D/Ragdoll" unique_id=1168480884]
transform = Transform3D(-0.09562911, -0.30867472, -0.066895306, -0.08978723, -0.040441863, 0.31496465, -0.30280906, 0.10947312, -0.07226555, 0.0004677056, 0.16367164, 0.060833022)
collision_layer = 4
collision_mask = 17
joint_type = 2
joint_offset = Transform3D(1, 0, 0, 0, 1, 0, 0, 0, 1, 0.0044730552, 0.0017337721, -0.0070837503)
body_offset = Transform3D(0.9999819, -0.006029159, 6.458163e-05, 0.006028563, 0.99996805, 0.005321853, -9.660423e-05, -0.0053214803, 0.9999862, -0.0044620633, -0.001722984, 0.0070933104)
friction = 0.4
bounce = 0.2
bone_name = "Shoulder_R"
joint_constraints/swing_span = 39.999985
joint_constraints/twist_span = 9.999996
joint_constraints/bias = 0.3
joint_constraints/softness = 0.8
joint_constraints/relaxation = 1.0

[node name="CollisionShape3D" type="CollisionShape3D" parent="ape_orangutan/Armature_Orang/Skeleton3D/Ragdoll/Physical Bone Shoulder_R" unique_id=324984087]
transform = Transform3D(1.0000013, 6.482005e-07, 0, -9.313226e-10, 1.0000005, 6.519258e-09, 0, -1.9324943e-07, 1.0000004, 0.0056129694, 0.126, -0.07021457)
shape = SubResource("CapsuleShape3D_vurlm")

[node name="Physical Bone Arm_Upper_R" type="PhysicalBone3D" parent="ape_orangutan/Armature_Orang/Skeleton3D/Ragdoll" unique_id=1907136194]
transform = Transform3D(-0.16124856, -0.089259826, -0.2737364, -0.27240047, 0.14891474, 0.11190358, 0.09325722, 0.28063697, -0.14644456, -0.06911086, 0.15483926, 0.08460888)
collision_layer = 4
collision_mask = 17
joint_type = 2
joint_offset = Transform3D(1, 0, 0, 0, 1, 0, 0, 0, 1, 0.007376838, -0.004007977, -0.00096294185)
body_offset = Transform3D(0.99998766, -0.0019845814, -0.004628539, 0.0019940287, 0.9999964, 0.0020010173, 0.00462465, -0.002010256, 0.9999877, -0.007389158, 0.00399518, 0.00092075765)
friction = 0.4
bounce = 0.2
bone_name = "Arm_Upper_R"
joint_constraints/swing_span = 49.999992
joint_constraints/twist_span = 30.0
joint_constraints/bias = 0.3
joint_constraints/softness = 0.8
joint_constraints/relaxation = 1.0

[node name="CollisionShape3D" type="CollisionShape3D" parent="ape_orangutan/Armature_Orang/Skeleton3D/Ragdoll/Physical Bone Arm_Upper_R" unique_id=256822696]
transform = Transform3D(0.9999997, 1.4882535e-06, 1.9669533e-06, -3.259629e-08, 0.99999535, 1.3299286e-06, 1.7881393e-07, -3.091991e-07, 0.9999914, 0.005, 0.216, -0.014)
shape = SubResource("CapsuleShape3D_pb1wn")

[node name="Physical Bone Arm_Lower_R" type="PhysicalBone3D" parent="ape_orangutan/Armature_Orang/Skeleton3D/Ragdoll" unique_id=1546893214]
transform = Transform3D(0.25744414, 0.17229761, -0.11373681, -0.1927665, 0.13552085, -0.2310307, -0.07391613, 0.24667318, 0.20637044, -0.108471595, 0.21428625, 0.19599071)
collision_layer = 4
collision_mask = 17
joint_type = 3
joint_offset = Transform3D(1, 0, 0, 0, 1, 0, 0, 0, 1, 0.002683889, 0.010550587, 0.0077709993)
body_offset = Transform3D(0.9999317, 0.011618897, -0.001585871, -0.011616856, 0.99993217, 0.0012165308, 0.001599744, -0.0011978745, 0.9999983, -0.0027939677, -0.010528147, -0.0077626407)
friction = 0.4
bounce = 0.2
bone_name = "Arm_Lower_R"
joint_constraints/angular_limit_enabled = true
joint_constraints/angular_limit_upper = 99.999985
joint_constraints/angular_limit_lower = -99.999985
joint_constraints/angular_limit_bias = 0.3
joint_constraints/angular_limit_softness = 0.9
joint_constraints/angular_limit_relaxation = 1.0

[node name="CollisionShape3D" type="CollisionShape3D" parent="ape_orangutan/Armature_Orang/Skeleton3D/Ragdoll/Physical Bone Arm_Lower_R" unique_id=794629075]
transform = Transform3D(0.9925501, -0.011203334, -0.12131892, 0.008724712, 0.9997459, -0.020942673, 0.12152193, 0.019728184, 0.99239516, 0.011639893, 0.20806396, -0.032878965)
shape = SubResource("CapsuleShape3D_c5vop")

[node name="Physical Bone Hand_R" type="PhysicalBone3D" parent="ape_orangutan/Armature_Orang/Skeleton3D/Ragdoll" unique_id=1685063262]
transform = Transform3D(0.25629532, -0.020640565, -0.20684937, -0.11589276, 0.2584154, -0.16938227, 0.17257336, 0.20419466, 0.19345023, -0.043734714, 0.26640114, 0.29010728)
collision_layer = 4
collision_mask = 17
joint_type = 3
joint_offset = Transform3D(1, 0, 0, 0, 1, 0, 0, 0, 1, -0.0015186592, -0.007959569, 0.0078361565)
body_offset = Transform3D(0.9999864, 0.00082203746, -0.005242288, -0.00083345175, 0.9999976, -0.0021916628, 0.0052404106, 0.0021962821, 0.99998415, 0.001566261, 0.007975459, -0.0078105927)
friction = 0.4
bounce = 0.2
bone_name = "Hand_R"
joint_constraints/angular_limit_enabled = true
joint_constraints/angular_limit_upper = 45.0
joint_constraints/angular_limit_lower = -45.0
joint_constraints/angular_limit_bias = 0.3
joint_constraints/angular_limit_softness = 0.9
joint_constraints/angular_limit_relaxation = 1.0

[node name="CollisionShape3D" type="CollisionShape3D" parent="ape_orangutan/Armature_Orang/Skeleton3D/Ragdoll/Physical Bone Hand_R" unique_id=1080323224]
transform = Transform3D(0.9969834, 0.0671664, -0.038518496, -0.07530436, 0.95683867, -0.28066516, 0.0180047, 0.28272247, 0.9590268, 0, 0.105, 0.029)
shape = SubResource("CapsuleShape3D_yop2s")

[node name="Physical Bone Thigh_L" type="PhysicalBone3D" parent="ape_orangutan/Armature_Orang/Skeleton3D/Ragdoll" unique_id=1559074622]
transform = Transform3D(0.27612796, 0.17968863, 0.019113988, 0.15280497, -0.21355598, -0.1998612, -0.096457206, 0.17608477, -0.26189727, 0.03697034, 0.08295588, -0.082712196)
collision_layer = 4
collision_mask = 17
joint_type = 2
joint_offset = Transform3D(1, 0, 0, 0, 1, 0, 0, 0, 1, -0.0062291184, 0.006494671, -0.0058016735)
body_offset = Transform3D(0.9999708, -0.006492138, 0.0040466785, 0.0065194666, 0.9999565, -0.0066787302, -0.0040031374, 0.0067049265, 0.9999693, 0.0062945783, -0.0064925253, 0.005733013)
friction = 0.4
bounce = 0.2
bone_name = "Thigh_L"
joint_constraints/swing_span = 65.0
joint_constraints/twist_span = 19.999992
joint_constraints/bias = 0.3
joint_constraints/softness = 0.8
joint_constraints/relaxation = 1.0

[node name="CollisionShape3D2" type="CollisionShape3D" parent="ape_orangutan/Armature_Orang/Skeleton3D/Ragdoll/Physical Bone Thigh_L" unique_id=294408266]
transform = Transform3D(0.993755, 0.10291572, 0.043105513, -0.10113803, 0.9940035, -0.041582793, -0.047126517, 0.036963537, 0.9982049, 0, 0.129, -0.007)
shape = SubResource("CapsuleShape3D_ah3bo")

[node name="Physical Bone Shin_L" type="PhysicalBone3D" parent="ape_orangutan/Armature_Orang/Skeleton3D/Ragdoll" unique_id=35757324]
transform = Transform3D(0.122686096, -0.25077093, 0.17596042, -0.22633106, 0.053540826, 0.23411036, -0.20645194, -0.20771931, -0.15208647, 0.09942214, 0.009986961, -0.018969657)
collision_layer = 4
collision_mask = 17
joint_type = 3
joint_offset = Transform3D(1, 0, 0, 0, 1, 0, 0, 0, 1, -0.0009426643, 0.0031972693, -0.002357409)
body_offset = Transform3D(0.99993, -0.011300504, -0.0034537315, 0.011292398, 0.99993384, -0.0022659302, 0.0034792721, 0.0022266507, 0.9999913, 0.00097058713, -0.0031917542, 0.002353549)
friction = 0.4
bounce = 0.2
bone_name = "Shin_L"
joint_constraints/angular_limit_enabled = true
joint_constraints/angular_limit_upper = 45.0
joint_constraints/angular_limit_lower = -45.0
joint_constraints/angular_limit_bias = 0.3
joint_constraints/angular_limit_softness = 0.9
joint_constraints/angular_limit_relaxation = 1.0

[node name="CollisionShape3D" type="CollisionShape3D" parent="ape_orangutan/Armature_Orang/Skeleton3D/Ragdoll/Physical Bone Shin_L" unique_id=1547755645]
transform = Transform3D(0.9677346, -0.0013375161, 0.25197425, -0.029457614, 0.99252796, 0.118404664, -0.250249, -0.122005925, 0.96046895, -0.009299912, 0.097723246, -0.001721546)
shape = SubResource("CapsuleShape3D_cg0of")

[node name="Physical Bone Foot_L" type="PhysicalBone3D" parent="ape_orangutan/Armature_Orang/Skeleton3D/Ragdoll" unique_id=832323799]
transform = Transform3D(0.044105306, 0.17137907, 0.27853894, 0.32030424, -0.07938311, -0.0018759052, 0.06602969, 0.2706059, -0.17695352, 0.04627688, 0.020632643, -0.06249988)
collision_layer = 4
collision_mask = 17
joint_type = 3
joint_offset = Transform3D(1, 0, 0, 0, 1, 0, 0, 0, 1, -0.0010706821, 4.6279703e-05, 0.00013440519)
body_offset = Transform3D(0.99999404, -0.00071035326, 0.0033581033, 0.0006670356, 0.9999176, 0.012850136, -0.0033668503, -0.012847394, 0.999912, 0.0010702573, -4.7288835e-05, -0.00013740361)
friction = 0.4
bounce = 0.2
bone_name = "Foot_L"
joint_constraints/angular_limit_enabled = true
joint_constraints/angular_limit_upper = 45.0
joint_constraints/angular_limit_lower = -45.0
joint_constraints/angular_limit_bias = 0.3
joint_constraints/angular_limit_softness = 0.9
joint_constraints/angular_limit_relaxation = 1.0

[node name="CollisionShape3D" type="CollisionShape3D" parent="ape_orangutan/Armature_Orang/Skeleton3D/Ragdoll/Physical Bone Foot_L" unique_id=1072678156]
transform = Transform3D(0.96206564, 0.254274, 0.09886648, -0.24878938, 0.9664055, -0.06453225, -0.11195397, 0.037487358, 0.993006, 0.02200979, 0.079571776, -0.010245115)
shape = SubResource("CapsuleShape3D_6yin8")

[node name="Physical Bone Thigh_R" type="PhysicalBone3D" parent="ape_orangutan/Armature_Orang/Skeleton3D/Ragdoll" unique_id=1470890017]
transform = Transform3D(0.27553302, -0.18056622, -0.019427352, -0.1520913, -0.21013452, -0.20398955, 0.09924624, 0.17927448, -0.2586713, -0.036965698, 0.08296276, -0.07800208)
collision_layer = 4
collision_mask = 17
joint_type = 2
joint_offset = Transform3D(1, 0, 0, 0, 1, 0, 0, 0, 1, 0.0018955554, -0.0011123007, 0.005547325)
body_offset = Transform3D(0.99999076, 0.0015322715, 0.004010454, -0.0015606582, 0.9999734, 0.007101685, -0.0039996356, -0.0071080923, 0.9999665, -0.0019160807, 0.001075834, -0.005547464)
friction = 0.4
bounce = 0.2
bone_name = "Thigh_R"
joint_constraints/swing_span = 65.0
joint_constraints/twist_span = 19.999992
joint_constraints/bias = 0.3
joint_constraints/softness = 0.8
joint_constraints/relaxation = 1.0

[node name="CollisionShape3D2" type="CollisionShape3D" parent="ape_orangutan/Armature_Orang/Skeleton3D/Ragdoll/Physical Bone Thigh_R" unique_id=2027000934]
transform = Transform3D(0.9937549, 0.102915734, 0.043105483, -0.10113806, 0.9940035, -0.041582793, -0.0471265, 0.036963552, 0.9982048, -0.029236495, 0.125, -0.013)
shape = SubResource("CapsuleShape3D_ah3bo")

[node name="Physical Bone Shin_R" type="PhysicalBone3D" parent="ape_orangutan/Armature_Orang/Skeleton3D/Ragdoll" unique_id=885834896]
transform = Transform3D(0.12705427, 0.24613808, -0.17936908, 0.22791557, 0.052074585, 0.23290074, 0.20201908, -0.21355163, -0.14994667, -0.09940624, 0.009940739, -0.019799257)
collision_layer = 4
collision_mask = 17
joint_type = 3
joint_offset = Transform3D(1, 0, 0, 0, 1, 0, 0, 0, 1, 0.002615035, 0.0015073252, -0.0035984637)
body_offset = Transform3D(0.9999676, -0.007968754, 0.0012102127, 0.007984877, 0.99987173, -0.0138839185, -0.0010994077, 0.013893217, 0.99990326, -0.0025985837, -0.0015779734, 0.0035800487)
friction = 0.4
bounce = 0.2
bone_name = "Shin_R"
joint_constraints/angular_limit_enabled = true
joint_constraints/angular_limit_upper = 45.0
joint_constraints/angular_limit_lower = -45.0
joint_constraints/angular_limit_bias = 0.3
