[gd_scene format=3 uid="uid://ve8nce537602"]

[ext_resource type="Script" uid="uid://lgmqlkuewowp" path="res://ape/scripts/ape_body.gd" id="1_xsmid"]
[ext_resource type="PackedScene" uid="uid://cubf81kdaddng" path="res://ape/orangutan/ape_orangutan.blend" id="2_dg7gw"]
[ext_resource type="Script" uid="uid://bb6okqe1l22n5" path="res://ape/scripts/ragdoll.gd" id="3_nf1pf"]
[ext_resource type="Script" uid="uid://qqt81cqdd6n8" path="res://ape/scripts/rigid_body_hitbox.gd" id="4_n1hoy"]
[ext_resource type="Script" uid="uid://c5ogdg5hcnibf" path="res://ape/scripts/camera_pivot.gd" id="5_qa2p8"]
[ext_resource type="Script" uid="uid://4p57jdyc06ob" path="res://ape/scripts/hand_ray_cast.gd" id="6_gh7jo"]
[ext_resource type="Script" uid="uid://dr0wqty80sjn7" path="res://ape/scripts/ape_input.gd" id="7_qifcs"]
[ext_resource type="Script" uid="uid://dnm8oseo2h6ro" path="res://ape/scripts/player_state.gd" id="8_lk782"]
[ext_resource type="Script" uid="uid://trfwgwd6pb83" path="res://ape/scripts/grabbo.gd" id="9_o015y"]
[ext_resource type="Script" uid="uid://c5gwdr6pcl066" path="res://ape/scripts/authority_manager.gd" id="10_m4k8k"]
[ext_resource type="Script" uid="uid://bvw7dpc6a2dwl" path="res://ape/scripts/animation_tree.gd" id="11_dg7gw"]

[sub_resource type="CapsuleShape3D" id="CapsuleShape3D_t2650"]
radius = 0.49902344
height = 0.9980469

[sub_resource type="JointLimitationCone3D" id="JointLimitationCone3D_vurlm"]
angle = 1.0471976

[sub_resource type="JointLimitationCone3D" id="JointLimitationCone3D_pb1wn"]
angle = 2.0943952

[sub_resource type="JointLimitationCone3D" id="JointLimitationCone3D_yop2s"]
angle = 3.1415927

[sub_resource type="CapsuleShape3D" id="CapsuleShape3D_wppca"]
radius = 0.24804688
height = 0.49609375

[sub_resource type="CapsuleShape3D" id="CapsuleShape3D_54pyi"]
radius = 0.2421875
height = 0.61431885

[sub_resource type="CylinderShape3D" id="CylinderShape3D_n5wll"]
height = 1.0

[sub_resource type="CapsuleShape3D" id="CapsuleShape3D_n5wll"]
radius = 0.14389038
height = 0.28778076

[sub_resource type="CapsuleShape3D" id="CapsuleShape3D_pe46d"]
radius = 0.17697144
height = 0.35394287

[sub_resource type="CapsuleShape3D" id="CapsuleShape3D_vurlm"]
radius = 0.18408203
height = 0.41308594

[sub_resource type="CapsuleShape3D" id="CapsuleShape3D_pb1wn"]
radius = 0.091
height = 0.508448

[sub_resource type="CapsuleShape3D" id="CapsuleShape3D_c5vop"]
radius = 0.064
height = 0.4451279

[sub_resource type="CapsuleShape3D" id="CapsuleShape3D_yop2s"]
radius = 0.07
height = 0.2

[sub_resource type="CapsuleShape3D" id="CapsuleShape3D_ah3bo"]
radius = 0.093
height = 0.413

[sub_resource type="CapsuleShape3D" id="CapsuleShape3D_cg0of"]
radius = 0.064
height = 0.32408106

[sub_resource type="CapsuleShape3D" id="CapsuleShape3D_6yin8"]
radius = 0.075
height = 0.25

[sub_resource type="SceneReplicationConfig" id="SceneReplicationConfig_wppca"]
properties/0/path = NodePath(".:transform")
properties/0/spawn = true
properties/0/replication_mode = 1
properties/1/path = NodePath(".:velocity")
properties/1/spawn = true
properties/1/replication_mode = 1
properties/2/path = NodePath("ape:transform")
properties/2/spawn = true
properties/2/replication_mode = 1
properties/3/path = NodePath("PlayerState:current_state")
properties/3/spawn = true
properties/3/replication_mode = 1
properties/4/path = NodePath("LookPivot:rotation")
properties/4/spawn = true
properties/4/replication_mode = 1

[sub_resource type="AnimationNodeAnimation" id="AnimationNodeAnimation_dg7gw"]
animation = &"Orang_Walk"

[sub_resource type="AnimationNodeAnimation" id="AnimationNodeAnimation_saxvm"]
animation = &"Orang_crouch"

[sub_resource type="AnimationNodeAnimation" id="AnimationNodeAnimation_g16rh"]
animation = &"Orang_idle"

[sub_resource type="AnimationNodeStateMachineTransition" id="AnimationNodeStateMachineTransition_e25ti"]
advance_mode = 2

[sub_resource type="AnimationNodeStateMachineTransition" id="AnimationNodeStateMachineTransition_6fun5"]
xfade_time = 0.2
advance_mode = 2
advance_expression = "ape.velocity.length()>0"

[sub_resource type="AnimationNodeStateMachineTransition" id="AnimationNodeStateMachineTransition_pv3yb"]
xfade_time = 0.1
advance_mode = 2
advance_condition = &"crouch"

[sub_resource type="AnimationNodeStateMachineTransition" id="AnimationNodeStateMachineTransition_irwbq"]
xfade_time = 0.1
advance_mode = 2
advance_condition = &"!crouch"

[sub_resource type="AnimationNodeStateMachineTransition" id="AnimationNodeStateMachineTransition_dg7gw"]
xfade_time = 0.25
advance_mode = 2
advance_expression = "ape.velocity.length()==0"

[sub_resource type="AnimationNodeStateMachine" id="AnimationNodeStateMachine_b4p6a"]
states/Orang_Walk/node = SubResource("AnimationNodeAnimation_dg7gw")
states/Orang_Walk/position = Vector2(391, 177)
states/Orang_crouch/node = SubResource("AnimationNodeAnimation_saxvm")
states/Orang_crouch/position = Vector2(398, 29)
states/Orang_idle/node = SubResource("AnimationNodeAnimation_g16rh")
states/Orang_idle/position = Vector2(228, 83)
states/Start/position = Vector2(89, 83)
transitions = ["Start", "Orang_idle", SubResource("AnimationNodeStateMachineTransition_e25ti"), "Orang_idle", "Orang_Walk", SubResource("AnimationNodeStateMachineTransition_6fun5"), "Orang_idle", "Orang_crouch", SubResource("AnimationNodeStateMachineTransition_pv3yb"), "Orang_crouch", "Orang_idle", SubResource("AnimationNodeStateMachineTransition_irwbq"), "Orang_Walk", "Orang_idle", SubResource("AnimationNodeStateMachineTransition_dg7gw")]

[sub_resource type="AnimationNodeBlendTree" id="AnimationNodeBlendTree_l1uv5"]
graph_offset = Vector2(-125.00635, 160.89404)
nodes/StateMachine/node = SubResource("AnimationNodeStateMachine_b4p6a")
nodes/StateMachine/position = Vector2(20, 140)
node_connections = [&"output", 0, &"StateMachine"]

[node name="Player" type="CharacterBody3D" unique_id=1802699836 node_paths=PackedStringArray("input", "camera", "look", "model", "state")]
collision_layer = 3
script = ExtResource("1_xsmid")
speed = 1.0
jump_strength = 3.0
ground_rotation_speed = 5.0
input = NodePath("Input")
camera = NodePath("LookPivot/Camera3D")
look = NodePath("LookPivot")
model = NodePath("ape_orangutan")
state = NodePath("PlayerState")

[node name="CollisionShape3D" type="CollisionShape3D" parent="." unique_id=971283472]
transform = Transform3D(-4.371139e-08, 1, 0, -1, -4.371139e-08, 0, 0, 0, 1, 0, 0.47509766, -0.11836536)
shape = SubResource("CapsuleShape3D_t2650")

[node name="ape_orangutan" parent="." unique_id=614029430 instance=ExtResource("2_dg7gw")]
transform = Transform3D(-1, 0, -8.742278e-08, 0, 1, 0, 8.742278e-08, 0, -1, 0, 0, 0)

[node name="Skeleton3D" parent="ape_orangutan/Armature_Orang" parent_id_path=PackedInt32Array(614029430, 822530587) index="0" unique_id=1586823306]
bones/1/position = Vector3(4.0242285e-14, 1.9426478, 0.8566867)
bones/2/position = Vector3(-0.32715833, 0.12570444, 0.29354247)
bones/2/rotation = Quaternion(4.3697188e-08, -0.02548535, 0.9996752, -1.1139992e-09)
bones/3/position = Vector3(-0.3436278, 0.47098592, 0.1634816)
bones/3/rotation = Quaternion(-0.18668634, 0.72136384, -0.5822671, 0.32518846)
bones/4/position = Vector3(0.024652168, 0.29658931, 0.39450243)
bones/5/position = Vector3(-0.14016512, -0.05082156, 0.061301384)
bones/5/rotation = Quaternion(0.11915757, -0.6993286, 0.28120747, 0.64626884)
bones/6/position = Vector3(0.32715833, 0.12570444, 0.29354253)
bones/6/rotation = Quaternion(4.3697188e-08, -0.02548535, 0.9996752, -1.1139992e-09)
bones/7/position = Vector3(0.3436278, 0.47098592, 0.1634816)
bones/7/rotation = Quaternion(0.18668634, 0.72136384, -0.5822671, -0.32518846)
bones/8/position = Vector3(-0.024652168, 0.29658931, 0.39450243)
bones/9/position = Vector3(0.14016512, -0.05082156, 0.061301384)
bones/9/rotation = Quaternion(0.11915757, 0.6993286, -0.28120747, 0.64626884)
bones/10/position = Vector3(6.652199e-05, -0.13745525, 0.42954543)
bones/10/rotation = Quaternion(1.7779227e-07, 0.93543, 0.3535122, 5.2293774e-07)
bones/11/rotation = Quaternion(-0.02439844, 7.555037e-08, 2.7856846e-08, 0.99970233)
bones/12/rotation = Quaternion(0.29287636, 1.4810267e-06, 1.7699955e-07, 0.9561504)
bones/13/rotation = Quaternion(0.07171511, -3.4507634e-06, -2.1748323e-05, 0.99742526)
bones/16/rotation = Quaternion(0.6886579, 0.7203084, 0.07159013, 0.042203248)
bones/17/rotation = Quaternion(0.027353585, -0.44425076, 0.6231534, 0.6430964)
bones/18/rotation = Quaternion(-0.38398585, -0.34099123, 0.42101952, 0.7476781)
bones/19/rotation = Quaternion(0.30154726, 0.17015687, -0.21914679, 0.9121901)
bones/20/position = Vector3(0.029244347, 0.1066024, 0.0032466121)
bones/20/rotation = Quaternion(-0.062007945, 0.084522896, -0.054093163, 0.99301803)
bones/21/rotation = Quaternion(0.8378433, -0.046862315, 0.0352236, 0.5427539)
bones/22/rotation = Quaternion(0.380815, -0.24533732, 0.003020145, 0.8915046)
bones/23/rotation = Quaternion(-0.14497012, 0.16366366, -0.1548483, 0.9634417)
bones/24/position = Vector3(-0.018465275, 0.10590562, 0.014835394)
bones/24/rotation = Quaternion(0.017831787, 0.01419307, -0.03515747, 0.9991219)
bones/25/rotation = Quaternion(0.7453563, -0.032822948, -0.12846948, 0.6533469)
bones/26/rotation = Quaternion(0.6886835, -0.7202838, -0.071592346, 0.042201374)
bones/27/rotation = Quaternion(0.02735692, 0.44421977, -0.6232531, 0.64302105)
bones/28/rotation = Quaternion(-0.38401777, 0.34097764, -0.42105418, 0.7476483)
bones/29/rotation = Quaternion(0.30147907, -0.1702813, 0.2191818, 0.91218096)
bones/30/position = Vector3(-0.02924441, 0.10660235, 0.003246514)
bones/30/rotation = Quaternion(-0.06200795, -0.08452284, 0.054093137, 0.99301803)
bones/31/rotation = Quaternion(0.8378433, 0.046862297, -0.035223585, 0.5427539)
bones/32/rotation = Quaternion(0.3808149, 0.24533722, -0.0030200991, 0.89150465)
bones/33/rotation = Quaternion(-0.14497006, -0.16366366, 0.15484822, 0.9634417)
bones/34/position = Vector3(0.018465312, 0.10590561, 0.01483535)
bones/34/rotation = Quaternion(0.017831802, -0.014193074, 0.035157394, 0.9991219)
bones/35/rotation = Quaternion(0.7453564, 0.032822836, 0.12846944, 0.6533469)
bones/36/rotation = Quaternion(0.65536684, 0.72970366, 0.091394395, 0.17226124)
bones/37/rotation = Quaternion(-0.2552275, -0.50800633, 0.29906386, 0.7663873)
bones/38/rotation = Quaternion(0.59195435, -0.04038574, 0.52703446, 0.6084354)
bones/39/rotation = Quaternion(-0.41016805, 0.17763011, -0.8346221, 0.32189396)
bones/40/rotation = Quaternion(-0.034143735, 0.88755524, -0.06985925, 0.45409206)
bones/41/position = Vector3(0.039142452, 0.028837107, 0.03866558)
bones/41/rotation = Quaternion(-0.15224454, -0.8453407, 0.037964664, 0.5106657)
bones/42/rotation = Quaternion(0.008473008, 0.8855601, -0.0923494, -0.4551737)
bones/43/position = Vector3(-0.043649416, -0.024467416, -0.058716677)
bones/43/rotation = Quaternion(0.01603601, 0.86718106, -0.48570782, -0.10875581)
bones/44/rotation = Quaternion(-0.037836976, -0.4003064, 0.033241574, 0.91499627)
bones/45/rotation = Quaternion(-0.6553668, 0.72970355, 0.09139519, -0.17226203)
bones/46/rotation = Quaternion(-0.2553948, 0.5079609, -0.2991875, 0.7663134)
bones/47/rotation = Quaternion(0.59196955, 0.040384192, -0.52704746, 0.6084095)
bones/48/rotation = Quaternion(-0.41005203, -0.17745934, 0.83473504, 0.3218433)
bones/49/rotation = Quaternion(0.034143787, 0.88755524, -0.06985926, -0.45409206)
bones/50/position = Vector3(-0.039142445, 0.028837118, 0.03866557)
bones/50/rotation = Quaternion(-0.15224445, 0.8453407, -0.037964605, 0.5106656)
bones/51/rotation = Quaternion(-0.008472932, 0.8855601, -0.0923493, 0.45517376)
bones/52/position = Vector3(0.043649413, -0.024467416, -0.05871666)
bones/52/rotation = Quaternion(-0.016036008, 0.8671811, -0.48570767, 0.10875581)
bones/53/rotation = Quaternion(-0.037836917, 0.4003064, -0.033241525, 0.91499627)

[node name="Head" type="BoneAttachment3D" parent="ape_orangutan/Armature_Orang/Skeleton3D" index="1" unique_id=1092656707]
transform = Transform3D(1, 4.796076e-05, -1.6103451e-05, -1.3906642e-05, -0.04545725, -0.99896616, -4.8643207e-05, 0.99896616, -0.04545752, -6.201537e-05, 0.75160855, 0.29167888)
bone_name = "Head"
bone_idx = 13

[node name="Hand_R" type="BoneAttachment3D" parent="ape_orangutan/Armature_Orang/Skeleton3D" index="2" unique_id=1106184745]
transform = Transform3D(0.7187666, 0.10937369, 0.68659425, 0.13889737, -0.9902297, 0.012336284, 0.6812357, 0.08649927, -0.72693574, -0.34361786, 0.10649283, 0.24751304)
bone_name = "Hand_R"
bone_idx = 29

[node name="HoldingSpaceRight" type="Marker3D" parent="ape_orangutan/Armature_Orang/Skeleton3D/Hand_R" unique_id=1326193733]
transform = Transform3D(0.99999946, -1.0058284e-06, -1.7881393e-07, 9.797513e-07, 0.9999993, 1.1324883e-06, 1.6391277e-07, -1.4007092e-06, 0.9999991, -0.03665997, 0.08608669, 0.0808467)

[node name="Spine" type="BoneAttachment3D" parent="ape_orangutan/Armature_Orang/Skeleton3D" index="3" unique_id=581318483]
transform = Transform3D(1, 1.0519617e-05, -5.742917e-06, -1.0690825e-05, 0.56633896, -0.82417244, -5.4175443e-06, 0.82417256, 0.5663387, -6.651057e-05, 0.6331185, -0.045437753)
bone_name = "Spine"
bone_idx = 11

[node name="SpineLookAt" type="LookAtModifier3D" parent="ape_orangutan/Armature_Orang/Skeleton3D" index="4" unique_id=360982078]
transform = Transform3D(3.030303, 0, 0, 0, 3.030303, 0, 0, 0, 3.030303, 0, 0, 0)
influence = 0.25
target_node = NodePath("../../../../LookPivot/LookAtMe")
bone_name = "Spine"
bone = 11
forward_axis = 2
primary_rotation_axis = 2
relative = true
duration = 0.15
transition_type = 1
ease_type = 2

[node name="NeckLookAt" type="LookAtModifier3D" parent="ape_orangutan/Armature_Orang/Skeleton3D" index="5" unique_id=415999757]
transform = Transform3D(3.030303, 0, 0, 0, 3.030303, 0, 0, 0, 3.030303, 0, 0, 0)
influence = 0.25
target_node = NodePath("../../../../LookPivot/LookAtMe")
bone_name = "Neck"
bone = 12
forward_axis = 2
primary_rotation_axis = 0
relative = true
duration = 0.15
transition_type = 1
ease_type = 2

[node name="HeadLookAt" type="LookAtModifier3D" parent="ape_orangutan/Armature_Orang/Skeleton3D" index="6" unique_id=1610885507]
transform = Transform3D(3.030303, 0, 0, 0, 3.030303, 0, 0, 0, 3.030303, 0, 0, 0)
influence = 0.5
target_node = NodePath("../../../../LookPivot/LookAtMe")
bone_name = "Head"
bone = 13
forward_axis = 2
primary_rotation_axis = 2
relative = true
duration = 0.15
transition_type = 1
ease_type = 2

[node name="ArmRightIK" type="JacobianIK3D" parent="ape_orangutan/Armature_Orang/Skeleton3D" index="7" unique_id=504262015]
influence = 0.0
angular_delta_limit = 0.08726646259971647
setting_count = 1
settings/0/target_node = NodePath("../../../../LookPivot/RayCast3D/HandTargetRight")
settings/0/root_bone_name = "Shoulder_R"
settings/0/root_bone = 26
settings/0/end_bone_name = "Hand_R"
settings/0/end_bone = 29
settings/0/extend_end_bone = false
settings/0/joint_count = 4
settings/0/joints/0/rotation_axis = 3
settings/0/joints/0/limitation = SubResource("JointLimitationCone3D_vurlm")
settings/0/joints/0/limitation/right_axis = 2
settings/0/joints/0/limitation/rotation_offset = Quaternion(0.165, -1.095, -0.035, 1.31)
settings/0/joints/1/rotation_axis = 3
settings/0/joints/1/limitation = SubResource("JointLimitationCone3D_pb1wn")
settings/0/joints/1/limitation/right_axis = 0
settings/0/joints/1/limitation/rotation_offset = Quaternion(0, 0.48, -0.095, -0.41)
settings/0/joints/2/rotation_axis = 3
settings/0/joints/2/limitation = SubResource("JointLimitationCone3D_yop2s")
settings/0/joints/2/limitation/right_axis = 0
settings/0/joints/2/limitation/rotation_offset = Quaternion(-0.84, -0.105, -0.225, 0.95)
settings/0/joints/3/rotation_axis = 3
settings/0/joints/3/limitation = null

[node name="Ragdoll" type="PhysicalBoneSimulator3D" parent="ape_orangutan/Armature_Orang/Skeleton3D" index="8" unique_id=589803041 node_paths=PackedStringArray("input", "state", "ape", "look_pivot")]
transform = Transform3D(3.030303, 0, 0, 0, 3.030303, 0, 0, 0, 3.030303, 0, 0, 0)
influence = 0.0
script = ExtResource("3_nf1pf")
input = NodePath("../../../../Input")
state = NodePath("../../../../PlayerState")
ape = NodePath("../../../..")
look_pivot = NodePath("../../../../LookPivot")
get_up_speed = 2.5

[node name="Physical Bone Pelvis" type="PhysicalBone3D" parent="ape_orangutan/Armature_Orang/Skeleton3D/Ragdoll" unique_id=406821728]
transform = Transform3D(0.33, -3.351556e-05, -7.245863e-05, 5.436019e-05, 0.31368437, 0.10247992, 5.8468086e-05, -0.10247994, 0.31368434, -0.000105592204, -0.02751513, 0.016721504)
collision_layer = 4
joint_type = 2
joint_offset = Transform3D(1, 0, 0, 0, 1, 0, 0, 0, 1, 0.0002800143, 0.589107, -0.15152761)
body_offset = Transform3D(1, -0.0001025909, -0.0002191688, 0.0002418757, 0.39574555, 0.9183601, -7.4803174e-06, -0.9183603, 0.39574566, -0.00025278737, -0.0939796, 0.6009788)
friction = 0.4
bounce = 0.2
bone_name = "Pelvis"
joint_constraints/swing_span = 9.999996
joint_constraints/twist_span = 180.0
joint_constraints/bias = 0.3
joint_constraints/softness = 0.8
joint_constraints/relaxation = 1.0

[node name="CollisionShape3D" type="CollisionShape3D" parent="ape_orangutan/Armature_Orang/Skeleton3D/Ragdoll/Physical Bone Pelvis" unique_id=1414895023]
transform = Transform3D(1, 1.7763568e-15, -7.1054274e-15, 0, 0, 1, 0, -1, 0, -1.5464547e-08, 0.1585498, 0.107316256)
shape = SubResource("CapsuleShape3D_wppca")

[node name="Physical Bone Spine" type="PhysicalBone3D" parent="ape_orangutan/Armature_Orang/Skeleton3D/Ragdoll" unique_id=1598314396]
transform = Transform3D(0.33, 4.7148915e-05, 6.3616724e-05, -2.4267101e-05, 0.31258434, -0.10578772, -7.537385e-05, 0.10578771, 0.31258434, -7.961635e-05, 0.07321878, -0.06475145)
collision_layer = 4
joint_type = 2
joint_offset = Transform3D(1, 0, 0, 0, 1, 0, 0, 0, 1, 0.00011007093, 0.43787515, 0.010989651)
body_offset = Transform3D(1, 0.00013101219, 0.00019107349, -0.00021937264, 0.8006543, 0.59912646, -7.449101e-05, -0.59912646, 0.80065453, -0.00016953773, -0.35717076, 0.25354367)
friction = 0.4
bounce = 0.2
bone_name = "Spine"
joint_constraints/swing_span = 4.999998
joint_constraints/twist_span = 39.999985
joint_constraints/bias = 0.3
joint_constraints/softness = 0.8
joint_constraints/relaxation = 1.0

[node name="CollisionShape3D" type="CollisionShape3D" parent="ape_orangutan/Armature_Orang/Skeleton3D/Ragdoll/Physical Bone Spine" unique_id=445052303]
transform = Transform3D(1, 3.5063195e-07, 2.3518237e-07, -4.016751e-07, 0.96167964, 0.2741776, -1.3003512e-07, -0.2741777, 0.9616792, -8.0137e-08, 0.076402396, 0.117420435)
shape = SubResource("CapsuleShape3D_54pyi")

[node name="PushablePusher" type="Area3D" parent="ape_orangutan/Armature_Orang/Skeleton3D/Ragdoll/Physical Bone Spine" unique_id=1087675309 node_paths=PackedStringArray("ape", "state", "ragdoll")]
transform = Transform3D(1, 2.506422e-07, -7.6170545e-07, 6.9034286e-07, 0.25881898, 0.96592563, 4.2369356e-07, -0.9659257, 0.25881916, -1.8626451e-07, -0.07860902, 0.65487623)
collision_layer = 0
collision_mask = 16
script = ExtResource("4_n1hoy")
ape = NodePath("../../../../../..")
state = NodePath("../../../../../../PlayerState")
ragdoll = NodePath("../..")

[node name="CollisionShape3D" type="CollisionShape3D" parent="ape_orangutan/Armature_Orang/Skeleton3D/Ragdoll/Physical Bone Spine/PushablePusher" unique_id=2006120402]
transform = Transform3D(1, 0, 0, 0, 1, 0, 0, 0, 1, 0, 0.5, 0)
shape = SubResource("CylinderShape3D_n5wll")

[node name="Physical Bone Neck" type="PhysicalBone3D" parent="ape_orangutan/Armature_Orang/Skeleton3D/Ragdoll" unique_id=1219001923]
transform = Transform3D(0.33, 2.3303215e-05, -6.882214e-07, -1.5347978e-05, 0.20982252, -0.25470477, -1.7548593e-05, 0.25470474, 0.20982255, -9.411288e-05, 0.136136, -0.041250214)
collision_layer = 4
collision_mask = 17
joint_type = 2
joint_offset = Transform3D(1, 0, 0, 0, 1, 0, 0, 0, 1, 0.00019196932, 0.40576595, -0.10186046)
body_offset = Transform3D(1, 5.4913402e-05, -4.7131925e-06, -3.9946448e-05, 0.78104323, 0.6244772, 3.797335e-05, -0.624477, 0.7810434, -0.00021473138, -0.25331122, 0.33294895)
friction = 0.4
bounce = 0.2
bone_name = "Neck"
joint_constraints/swing_span = 19.999992
joint_constraints/twist_span = 24.999996
joint_constraints/bias = 0.3
joint_constraints/softness = 0.8
joint_constraints/relaxation = 1.0

[node name="CollisionShape3D" type="CollisionShape3D" parent="ape_orangutan/Armature_Orang/Skeleton3D/Ragdoll/Physical Bone Neck" unique_id=465597284]
transform = Transform3D(1, 1.106147e-06, 2.768926e-07, -1.1006739e-06, 0.8516721, 0.524075, 3.1126189e-07, -0.524075, 0.8516723, 6.4844244e-08, 0.14075811, 0.053019404)
shape = SubResource("CapsuleShape3D_n5wll")

[node name="Physical Bone Head" type="PhysicalBone3D" parent="ape_orangutan/Armature_Orang/Skeleton3D/Ragdoll" unique_id=1121487032]
transform = Transform3D(0.33, 6.4968975e-05, -2.6886424e-05, -1.2953248e-05, -0.0678534, -0.3229488, -6.910905e-05, 0.32294878, -0.0678534, -9.5386684e-05, 0.2312822, -0.0253492)
collision_layer = 4
collision_mask = 17
joint_type = 2
joint_offset = Transform3D(1, 0, 0, 0, 1, 0, 0, 0, 1, 0.00014787234, 0.35018522, -0.12543748)
body_offset = Transform3D(1, 0.00015213128, -5.78627e-05, -0.00015945983, 0.98696804, -0.16091761, 3.2627962e-05, 0.16091788, 0.98696804, -0.00020840461, -0.36580664, 0.067451715)
friction = 0.4
bounce = 0.2
bone_name = "Head"
joint_constraints/swing_span = 24.999996
joint_constraints/twist_span = 19.999992
joint_constraints/bias = 0.3
joint_constraints/softness = 0.8
joint_constraints/relaxation = 1.0

[node name="CollisionShape3D" type="CollisionShape3D" parent="ape_orangutan/Armature_Orang/Skeleton3D/Ragdoll/Physical Bone Head" unique_id=600854772]
transform = Transform3D(0.99994695, -0.002134634, -0.010077274, 0.00027098507, 0.9834103, -0.18141994, 0.010297311, 0.1814082, 0.9833542, 9.1708825e-05, 0.111748844, 0.022595644)
shape = SubResource("CapsuleShape3D_pe46d")

[node name="Physical Bone Shoulder_L" type="PhysicalBone3D" parent="ape_orangutan/Armature_Orang/Skeleton3D/Ragdoll" unique_id=1011885616]
transform = Transform3D(-0.27015975, 0.18486108, -0.041714393, 0.16130102, 0.26243675, 0.1183594, 0.09947707, 0.07650719, -0.30520642, 0.07060735, 0.16418634, -0.03978795)
collision_layer = 4
collision_mask = 17
joint_type = 2
joint_offset = Transform3D(0.9999979, 0, 0, 0, 0.99999756, 0, 0, 0, 0.99999845, 0.37175152, 0.13677149, -0.108355835)
body_offset = Transform3D(0.5547473, 0.59360546, -0.5829995, -0.82301754, 0.49429858, -0.27984273, 0.12205961, 0.6350604, 0.7627585, -0.35058784, 0.20802946, -0.049584687)
friction = 0.4
bounce = 0.2
bone_name = "Shoulder_L"
joint_constraints/swing_span = 9.999996
joint_constraints/twist_span = 4.999998
joint_constraints/bias = 0.3
joint_constraints/softness = 0.8
joint_constraints/relaxation = 1.0

[node name="CollisionShape3D" type="CollisionShape3D" parent="ape_orangutan/Armature_Orang/Skeleton3D/Ragdoll/Physical Bone Shoulder_L" unique_id=1065188310]
transform = Transform3D(1.0000013, 6.482005e-07, 0, -9.313226e-10, 1.0000005, 6.519258e-09, 0, -1.9324943e-07, 1.0000004, 0.0056129694, 0.126, -0.07021457)
shape = SubResource("CapsuleShape3D_vurlm")

[node name="Physical Bone Arm_Upper_L" type="PhysicalBone3D" parent="ape_orangutan/Armature_Orang/Skeleton3D/Ragdoll" unique_id=501162425]
transform = Transform3D(-0.2139585, -0.24199529, 0.06752803, 0.23766305, -0.22371142, -0.048677273, 0.081474125, 0.017072733, 0.3193282, 0.0142160375, 0.25019237, 0.055629965)
collision_layer = 4
collision_mask = 17
joint_type = 2
joint_offset = Transform3D(1, 0, 0, 0, 1, 0, 0, 0, 1, -0.14429843, -0.10911259, 0.025121529)
body_offset = Transform3D(-0.4160784, -0.88187176, -0.22177055, -0.86057866, 0.46066347, -0.21724267, 0.29374185, 0.10046069, -0.9505914, -0.15069155, -0.0684585, 0.077228315)
friction = 0.4
bounce = 0.2
bone_name = "Arm_Upper_L"
joint_constraints/swing_span = 45.0
joint_constraints/twist_span = 45.0
joint_constraints/bias = 0.3
joint_constraints/softness = 0.8
joint_constraints/relaxation = 1.0

[node name="CollisionShape3D" type="CollisionShape3D" parent="ape_orangutan/Armature_Orang/Skeleton3D/Ragdoll/Physical Bone Arm_Upper_L" unique_id=1140243226]
transform = Transform3D(0.9999997, 1.4882535e-06, 1.9669533e-06, -3.259629e-08, 0.99999535, 1.3299286e-06, 1.7881393e-07, -3.091991e-07, 0.9999914, 0.005, 0.216, -0.014)
shape = SubResource("CapsuleShape3D_pb1wn")

[node name="Physical Bone Arm_Lower_L" type="PhysicalBone3D" parent="ape_orangutan/Armature_Orang/Skeleton3D/Ragdoll" unique_id=1790107468]
transform = Transform3D(-0.14591049, 0.22467816, 0.19269113, -0.21911342, -0.22642303, 0.098091476, 0.19899611, -0.08457162, 0.24929538, -0.12506604, 0.11559842, -0.0035973263)
collision_layer = 4
collision_mask = 17
joint_type = 3
joint_offset = Transform3D(-4.3711143e-08, 0.70710254, 0.7071023, 0, 0.7071026, -0.70710224, -0.9999944, -3.0908435e-08, -3.0908424e-08, -0.30087966, 0.45678052, 0.39252892)
joint_rotation = Vector3(0.7853981, 1.5707964, 0)
body_offset = Transform3D(-0.18312532, 0.8835086, -0.4311363, 0.825799, 0.37619478, 0.42016056, 0.53340656, -0.27909005, -0.79849046, -0.28943476, -0.088297516, 0.60140467)
friction = 0.4
bounce = 0.2
bone_name = "Arm_Lower_L"
joint_constraints/angular_limit_enabled = true
joint_constraints/angular_limit_upper = 45.0
joint_constraints/angular_limit_lower = -45.0
joint_constraints/angular_limit_bias = 0.3
joint_constraints/angular_limit_softness = 0.9
joint_constraints/angular_limit_relaxation = 1.0

[node name="CollisionShape3D" type="CollisionShape3D" parent="ape_orangutan/Armature_Orang/Skeleton3D/Ragdoll/Physical Bone Arm_Lower_L" unique_id=271854951]
transform = Transform3D(0.9925505, -0.0112032555, -0.12131918, 0.008724622, 0.9997458, -0.020942487, 0.12152221, 0.019728009, 0.9923958, 0, 0.232, -0.021)
shape = SubResource("CapsuleShape3D_c5vop")

[node name="Physical Bone Hand_L" type="PhysicalBone3D" parent="ape_orangutan/Armature_Orang/Skeleton3D/Ragdoll" unique_id=711070125]
transform = Transform3D(-0.18984008, -0.14859045, -0.22534782, 0.2356658, -0.22557066, -0.049794886, -0.13161458, -0.18957525, 0.23587888, 0.07057396, 0.23323491, -0.008074588)
collision_layer = 4
collision_mask = 17
joint_type = 3
joint_offset = Transform3D(0.9999998, 0, 0, 0, -4.3711385e-08, -0.99999976, 0, 0.99999994, -4.3711378e-08, -0.61181045, 0.19562943, 0.19638686)
joint_rotation = Vector3(1.5707964, 0, 0)
body_offset = Transform3D(-0.240924, 0.1626142, -0.95682466, -0.6786998, 0.6764972, 0.2858656, 0.69377494, 0.71826774, -0.052618057, 0.008695863, -0.60371864, 0.29427794)
friction = 0.4
bounce = 0.2
bone_name = "Hand_L"
joint_constraints/angular_limit_enabled = true
joint_constraints/angular_limit_upper = 45.0
joint_constraints/angular_limit_lower = -45.0
joint_constraints/angular_limit_bias = 0.3
joint_constraints/angular_limit_softness = 0.9
joint_constraints/angular_limit_relaxation = 1.0

[node name="CollisionShape3D" type="CollisionShape3D" parent="ape_orangutan/Armature_Orang/Skeleton3D/Ragdoll/Physical Bone Hand_L" unique_id=33125335]
transform = Transform3D(0.9969834, 0.0671664, -0.038518496, -0.07530436, 0.95683867, -0.28066516, 0.0180047, 0.28272247, 0.9590268, 0, 0.105, 0.029)
shape = SubResource("CapsuleShape3D_yop2s")

[node name="Physical Bone Shoulder_R" type="PhysicalBone3D" parent="ape_orangutan/Armature_Orang/Skeleton3D/Ragdoll" unique_id=1168480884]
transform = Transform3D(-0.27003315, -0.18496211, 0.04208488, -0.16130802, 0.262431, 0.11836266, -0.099809036, 0.07628246, -0.30515432, -0.07080878, 0.16448931, -0.03998904)
collision_layer = 4
collision_mask = 17
joint_type = 2
joint_offset = Transform3D(0.9999979, 0, 0, 0, 0.99999756, 0, 0, 0, 0.99999845, -0.37204978, 0.13567612, -0.10890581)
body_offset = Transform3D(0.55554676, -0.59302926, 0.58282435, 0.82254213, 0.49449342, -0.28089362, -0.12162468, 0.6354468, 0.76250577, 0.35062394, 0.20834473, -0.048424065)
friction = 0.4
bounce = 0.2
bone_name = "Shoulder_R"
joint_constraints/swing_span = 9.999996
joint_constraints/twist_span = 4.999998
joint_constraints/bias = 0.3
joint_constraints/softness = 0.8
joint_constraints/relaxation = 1.0

[node name="CollisionShape3D" type="CollisionShape3D" parent="ape_orangutan/Armature_Orang/Skeleton3D/Ragdoll/Physical Bone Shoulder_R" unique_id=324984087]
transform = Transform3D(1.0000013, 6.482005e-07, 0, -9.313226e-10, 1.0000005, 6.519258e-09, 0, -1.9324943e-07, 1.0000004, 0.0056129694, 0.126, -0.07021457)
shape = SubResource("CapsuleShape3D_vurlm")

[node name="Physical Bone Arm_Upper_R" type="PhysicalBone3D" parent="ape_orangutan/Armature_Orang/Skeleton3D/Ragdoll" unique_id=1907136194]
transform = Transform3D(-0.21398202, 0.24203749, -0.06730204, -0.23751259, -0.22371511, -0.04938956, -0.08185033, 0.016413953, 0.31926656, -0.014246343, 0.25027195, 0.055564996)
collision_layer = 4
collision_mask = 17
joint_type = 2
joint_offset = Transform3D(1, 0, 0, 0, 1, 0, 0, 0, 1, 0.14447016, -0.1089534, 0.02529936)
body_offset = Transform3D(-0.41689396, 0.88114476, 0.2231218, 0.8604859, 0.46167606, -0.21545185, -0.2928544, 0.10217273, -0.95068276, 0.15058762, -0.06856257, 0.07749246)
friction = 0.4
bounce = 0.2
bone_name = "Arm_Upper_R"
joint_constraints/swing_span = 45.0
joint_constraints/twist_span = 45.0
joint_constraints/bias = 0.3
joint_constraints/softness = 0.8
joint_constraints/relaxation = 1.0

[node name="CollisionShape3D" type="CollisionShape3D" parent="ape_orangutan/Armature_Orang/Skeleton3D/Ragdoll/Physical Bone Arm_Upper_R" unique_id=256822696]
transform = Transform3D(0.9999997, 1.4882535e-06, 1.9669533e-06, -3.259629e-08, 0.99999535, 1.3299286e-06, 1.7881393e-07, -3.091991e-07, 0.9999914, 0.005, 0.216, -0.014)
shape = SubResource("CapsuleShape3D_pb1wn")

[node name="Physical Bone Arm_Lower_R" type="PhysicalBone3D" parent="ape_orangutan/Armature_Orang/Skeleton3D/Ragdoll" unique_id=1546893214]
transform = Transform3D(-0.14589627, -0.22526197, -0.19201912, 0.21899797, -0.22616976, 0.09893002, -0.19913356, -0.08369175, 0.24948251, 0.12437084, 0.11585713, -0.0034638934)
collision_layer = 4
collision_mask = 17
joint_type = 3
joint_offset = Transform3D(-4.371105e-08, -0.7070998, 0.7070968, 0, 0.70709985, 0.70709676, -0.99999225, 3.0908314e-08, -3.0908183e-08, 0.29965645, 0.45719886, 0.38937464)
joint_rotation = Vector3(-0.7853981, 1.5707964, 0)
body_offset = Transform3D(-0.18338838, -0.88197684, 0.4341496, -0.8258909, 0.3777647, 0.4185673, -0.5331726, -0.28179973, -0.7976943, 0.2891455, -0.0882096, 0.5992091)
friction = 0.4
bounce = 0.2
bone_name = "Arm_Lower_R"
joint_constraints/angular_limit_enabled = true
joint_constraints/angular_limit_upper = 45.0
joint_constraints/angular_limit_lower = -45.0
joint_constraints/angular_limit_bias = 0.3
joint_constraints/angular_limit_softness = 0.9
joint_constraints/angular_limit_relaxation = 1.0

[node name="CollisionShape3D" type="CollisionShape3D" parent="ape_orangutan/Armature_Orang/Skeleton3D/Ragdoll/Physical Bone Arm_Lower_R" unique_id=794629075]
transform = Transform3D(0.9925505, -0.0112032555, -0.12131918, 0.008724622, 0.9997458, -0.020942487, 0.12152221, 0.019728009, 0.9923958, 0, 0.232, -0.021)
shape = SubResource("CapsuleShape3D_c5vop")

[node name="Physical Bone Hand_R" type="PhysicalBone3D" parent="ape_orangutan/Armature_Orang/Skeleton3D/Ragdoll" unique_id=1685063262]
transform = Transform3D(-0.18940905, 0.14856246, 0.22572866, -0.23584177, -0.2254478, -0.04951735, 0.13192001, -0.18974324, 0.23557296, -0.07043211, 0.2333277, -0.00815681)
collision_layer = 4
collision_mask = 17
joint_type = 3
joint_offset = Transform3D(0.9999998, 0, 0, 0, -4.3711385e-08, -0.99999976, 0, 0.99999994, -4.3711378e-08, 0.6127533, 0.1951522, 0.19539808)
joint_rotation = Vector3(1.5707964, 0, 0)
body_offset = Transform3D(-0.2394853, -0.16300692, 0.9571184, 0.67949176, 0.676004, 0.28514904, -0.6934973, 0.71864295, -0.05113122, -0.008462526, -0.6040021, 0.29468894)
friction = 0.4
bounce = 0.2
bone_name = "Hand_R"
joint_constraints/angular_limit_enabled = true
joint_constraints/angular_limit_upper = 45.0
joint_constraints/angular_limit_lower = -45.0
joint_constraints/angular_limit_bias = 0.3
joint_constraints/angular_limit_softness = 0.9
joint_constraints/angular_limit_relaxation = 1.0

[node name="CollisionShape3D" type="CollisionShape3D" parent="ape_orangutan/Armature_Orang/Skeleton3D/Ragdoll/Physical Bone Hand_R" unique_id=1080323224]
transform = Transform3D(0.9969834, 0.0671664, -0.038518496, -0.07530436, 0.95683867, -0.28066516, 0.0180047, 0.28272247, 0.9590268, 0, 0.105, 0.029)
shape = SubResource("CapsuleShape3D_yop2s")

[node name="Physical Bone Thigh_L" type="PhysicalBone3D" parent="ape_orangutan/Armature_Orang/Skeleton3D/Ragdoll" unique_id=1559074622]
transform = Transform3D(0.12791577, 0.16637082, 0.25467294, 0.13318649, 0.21775588, -0.20915009, -0.27349395, 0.18385634, 0.017260805, 0.12264686, 0.01990305, 0.029864283)
collision_layer = 4
collision_mask = 17
joint_type = 2
joint_offset = Transform3D(1, 0, 0, 0, 1, 0, 0, 0, 1, 0.3099839, -0.085393205, -0.43893677)
body_offset = Transform3D(0.5266925, 0.7690888, 0.36207384, -0.6093118, 0.0445652, 0.7916774, 0.5927341, -0.6375861, 0.4920871, 0.06133628, 0.5401787, -0.02218844)
friction = 0.4
bounce = 0.2
bone_name = "Thigh_L"
joint_constraints/swing_span = 65.0
joint_constraints/twist_span = 19.999992
joint_constraints/bias = 0.3
joint_constraints/softness = 0.8
joint_constraints/relaxation = 1.0

[node name="CollisionShape3D2" type="CollisionShape3D" parent="ape_orangutan/Armature_Orang/Skeleton3D/Ragdoll/Physical Bone Thigh_L" unique_id=294408266]
transform = Transform3D(0.993755, 0.10291572, 0.043105513, -0.10113803, 0.9940035, -0.041582793, -0.047126517, 0.036963537, 0.9982049, 0, 0.129, -0.007)
shape = SubResource("CapsuleShape3D_ah3bo")

[node name="Physical Bone Shin_L" type="PhysicalBone3D" parent="ape_orangutan/Armature_Orang/Skeleton3D/Ragdoll" unique_id=35757324]
transform = Transform3D(0.06306717, 0.027321162, 0.32276323, 0.07486675, 0.31869105, -0.04160525, -0.31514683, 0.08117623, 0.05470756, 0.032982916, -0.046074692, -0.08813591)
collision_layer = 4
collision_mask = 17
joint_type = 3
joint_offset = Transform3D(-4.37113e-08, 0, 0.999998, 0, 0.9999973, 0, -0.999998, 0, -4.37113e-08, -0.11827748, 0.3591528, 0.14137635)
joint_rotation = Vector3(0, 1.5707964, 0)
body_offset = Transform3D(0.23183584, -0.5072825, 0.8300101, 0.47055325, -0.6883004, -0.5521069, 0.8513706, 0.51856214, 0.07913074, 0.09226909, 0.3809157, -0.09673229)
friction = 0.4
bounce = 0.2
bone_name = "Shin_L"
joint_constraints/angular_limit_enabled = true
joint_constraints/angular_limit_upper = 45.0
joint_constraints/angular_limit_lower = -45.0
joint_constraints/angular_limit_bias = 0.3
joint_constraints/angular_limit_softness = 0.9
joint_constraints/angular_limit_relaxation = 1.0

[node name="CollisionShape3D" type="CollisionShape3D" parent="ape_orangutan/Armature_Orang/Skeleton3D/Ragdoll/Physical Bone Shin_L" unique_id=1547755645]
transform = Transform3D(0.9677346, -0.0013375161, 0.25197425, -0.029457614, 0.99252796, 0.118404664, -0.250249, -0.122005925, 0.96046895, -0.009299912, 0.097723246, -0.001721546)
shape = SubResource("CapsuleShape3D_cg0of")

[node name="Physical Bone Foot_L" type="PhysicalBone3D" parent="ape_orangutan/Armature_Orang/Skeleton3D/Ragdoll" unique_id=832323799]
transform = Transform3D(0.04499063, 0.1743945, 0.27651837, 0.31723705, 0.04413684, -0.079451926, -0.07897158, 0.27665597, -0.16163227, 0.046302643, 0.006647582, -0.058839303)
collision_layer = 4
collision_mask = 17
joint_type = 3
joint_offset = Transform3D(0.9999998, 0, 0, 0, -4.3711385e-08, -0.99999976, 0, 0.99999994, -4.3711378e-08, 0.042225022, -0.0041148323, -0.0044496753)
joint_rotation = Vector3(1.5707964, 0, 0)
body_offset = Transform3D(0.90485173, 0.36688098, -0.21596768, -0.3524388, 0.93010426, 0.10340819, 0.23881099, -0.017453283, 0.9709095, -0.037658717, 0.019169092, -0.005835384)
friction = 0.4
bounce = 0.2
bone_name = "Foot_L"
joint_constraints/angular_limit_enabled = true
joint_constraints/angular_limit_upper = 45.0
joint_constraints/angular_limit_lower = -45.0
joint_constraints/angular_limit_bias = 0.3
joint_constraints/angular_limit_softness = 0.9
joint_constraints/angular_limit_relaxation = 1.0

[node name="CollisionShape3D" type="CollisionShape3D" parent="ape_orangutan/Armature_Orang/Skeleton3D/Ragdoll/Physical Bone Foot_L" unique_id=1072678156]
transform = Transform3D(0.96206564, 0.254274, 0.09886648, -0.24878938, 0.9664055, -0.06453225, -0.11195397, 0.037487358, 0.993006, 0.02200979, 0.079571776, -0.010245115)
shape = SubResource("CapsuleShape3D_6yin8")

[node name="Physical Bone Thigh_R" type="PhysicalBone3D" parent="ape_orangutan/Armature_Orang/Skeleton3D/Ragdoll" unique_id=1470890017]
transform = Transform3D(0.1277944, -0.16716331, -0.25421453, -0.13317609, 0.21717763, -0.20975706, 0.2735557, 0.18382144, 0.016642204, -0.12278542, 0.020187, 0.029788962)
collision_layer = 4
collision_mask = 17
joint_type = 2
joint_offset = Transform3D(1, 0, 0, 0, 1, 0, 0, 0, 1, -0.30948293, -0.087179385, -0.4382601)
body_offset = Transform3D(0.52607554, -0.7703604, -0.3602626, 0.60985065, 0.04647842, 0.7911521, -0.5927278, -0.6359122, 0.49425596, -0.062236875, 0.5395207, -0.022264883)
friction = 0.4
bounce = 0.2
bone_name = "Thigh_R"
joint_constraints/swing_span = 65.0
joint_constraints/twist_span = 19.999992
joint_constraints/bias = 0.3
joint_constraints/softness = 0.8
joint_constraints/relaxation = 1.0

[node name="CollisionShape3D2" type="CollisionShape3D" parent="ape_orangutan/Armature_Orang/Skeleton3D/Ragdoll/Physical Bone Thigh_R" unique_id=2027000934]
transform = Transform3D(0.9937549, 0.102915734, 0.043105483, -0.10113806, 0.9940035, -0.041582793, -0.0471265, 0.036963552, 0.9982048, -0.029236495, 0.125, -0.013)
shape = SubResource("CapsuleShape3D_ah3bo")

[node name="Physical Bone Shin_R" type="PhysicalBone3D" parent="ape_orangutan/Armature_Orang/Skeleton3D/Ragdoll" unique_id=885834896]
transform = Transform3D(0.06330519, -0.02866404, -0.32260013, -0.07369104, 0.3188085, -0.04278785, 0.3153761, 0.08024676, 0.05475742, -0.03285306, -0.04625985, -0.088303104)
collision_layer = 4
collision_mask = 17
joint_type = 3
joint_offset = Transform3D(-4.37113e-08, 0, 0.999998, 0, 0.9999973, 0, -0.999998, 0, -4.37113e-08, 0.1197371, 0.35988092, 0.14065656)
joint_rotation = Vector3(0, 1.5707964, 0)
body_offset = Transform3D(0.23420657, 0.5038139, -0.8314555, -0.47265765, -0.68835235, -0.5502414, -0.8495538, 0.52186424, 0.07691497, -0.09240659, 0.38171464, -0.096904494)
friction = 0.4
bounce = 0.2
bone_name = "Shin_R"
joint_constraints/angular_limit_enabled = true
joint_constraints/angular_limit_upper = 45.0
joint_constraints/angular_limit_lower = -45.0
joint_constraints/angular_limit_bias = 0.3
joint_constraints/angular_limit_softness = 0.9
joint_constraints/angular_limit_relaxation = 1.0

[node name="CollisionShape3D2" type="CollisionShape3D" parent="ape_orangutan/Armature_Orang/Skeleton3D/Ragdoll/Physical Bone Shin_R" unique_id=239206183]
transform = Transform3D(0.9658514, -0.037108287, 0.25642902, 0.0049463212, 0.99214816, 0.12494725, -0.25905198, -0.11941093, 0.95845896, 0.008487031, 0.0889025, -0.004136771)
shape = SubResource("CapsuleShape3D_cg0of")

[node name="Physical Bone Foot_R" type="PhysicalBone3D" parent="ape_orangutan/Armature_Orang/Skeleton3D/Ragdoll" unique_id=1141547200]
transform = Transform3D(0.04507563, -0.17605719, -0.27544886, -0.3172348, 0.043579195, -0.07976796, 0.078931995, 0.27568954, -0.16329427, -0.046517745, 0.0067911264, -0.058513395)
collision_layer = 4
collision_mask = 17
joint_type = 3
joint_offset = Transform3D(0.9999998, 0, 0, 0, -4.3711385e-08, -0.99999976, 0, 0.99999994, -4.3711378e-08, -0.041953586, -0.005382684, -0.0043818764)
joint_rotation = Vector3(1.5707964, 0, 0)
body_offset = Transform3D(0.90490216, -0.36535463, 0.2183302, 0.35220695, 0.93079615, 0.09782353, -0.23896135, -0.011622965, 0.97095966, 0.036953997, 0.020215176, -0.0058332235)
friction = 0.4
bounce = 0.2
