[gd_scene format=3 uid="uid://cpdvklybvsjn2"]

[ext_resource type="Script" uid="uid://lgmqlkuewowp" path="res://ape/scripts/ape_body.gd" id="1_u8ah8"]
[ext_resource type="PackedScene" uid="uid://cubf81kdaddng" path="res://ape/orangutan/ape_orangutan.blend" id="2_u8ah8"]
[ext_resource type="Script" uid="uid://4p57jdyc06ob" path="res://ape/scripts/hand_ray_cast.gd" id="3_sv5r5"]
[ext_resource type="Script" uid="uid://bb6okqe1l22n5" path="res://ape/scripts/ragdoll.gd" id="4_uya27"]
[ext_resource type="Script" uid="uid://qqt81cqdd6n8" path="res://ape/scripts/rigid_body_hitbox.gd" id="5_jyq33"]
[ext_resource type="Script" uid="uid://c5ogdg5hcnibf" path="res://ape/scripts/camera_pivot.gd" id="6_yk35a"]
[ext_resource type="Script" uid="uid://dr0wqty80sjn7" path="res://ape/scripts/ape_input.gd" id="7_q1lcf"]
[ext_resource type="Script" uid="uid://dnm8oseo2h6ro" path="res://ape/scripts/player_state.gd" id="8_68qp5"]
[ext_resource type="Script" uid="uid://trfwgwd6pb83" path="res://ape/scripts/grabbo.gd" id="9_6128t"]
[ext_resource type="Script" uid="uid://c5gwdr6pcl066" path="res://ape/scripts/authority_manager.gd" id="10_o8nwy"]
[ext_resource type="Script" uid="uid://bvw7dpc6a2dwl" path="res://ape/scripts/animation_tree.gd" id="11_5qxfy"]

[sub_resource type="CapsuleShape3D" id="CapsuleShape3D_t2650"]
height = 1.0

[sub_resource type="JointLimitationCone3D" id="JointLimitationCone3D_5qxfy"]
angle = 1.2356931

[sub_resource type="JointLimitationCone3D" id="JointLimitationCone3D_sv5r5"]
angle = 2.9761355

[sub_resource type="JointLimitationCone3D" id="JointLimitationCone3D_uya27"]
angle = 3.9091885

[sub_resource type="CapsuleShape3D" id="CapsuleShape3D_jyq33"]
radius = 0.24804688
height = 0.49609375

[sub_resource type="SceneReplicationConfig" id="SceneReplicationConfig_eiabh"]
properties/0/path = NodePath(".:global_transform")
properties/0/spawn = true
properties/0/replication_mode = 1
properties/1/path = NodePath(".:linear_velocity")
properties/1/spawn = true
properties/1/replication_mode = 1
properties/2/path = NodePath(".:angular_velocity")
properties/2/spawn = true
properties/2/replication_mode = 1

[sub_resource type="CapsuleShape3D" id="CapsuleShape3D_q1lcf"]
radius = 0.2421875
height = 0.61431885

[sub_resource type="CylinderShape3D" id="CylinderShape3D_dg7gw"]
height = 0.6720495
radius = 0.42089844

[sub_resource type="CapsuleShape3D" id="CapsuleShape3D_68qp5"]
radius = 0.14389038
height = 0.28778076

[sub_resource type="CapsuleShape3D" id="CapsuleShape3D_6128t"]
radius = 0.17697144
height = 0.35394287

[sub_resource type="CapsuleShape3D" id="CapsuleShape3D_o8nwy"]
radius = 0.18408203
height = 0.41308594

[sub_resource type="CapsuleShape3D" id="CapsuleShape3D_1hjce"]
radius = 0.091
height = 0.508448

[sub_resource type="CapsuleShape3D" id="CapsuleShape3D_opfua"]
radius = 0.064
height = 0.3959038

[sub_resource type="CapsuleShape3D" id="CapsuleShape3D_ixha7"]
radius = 0.07
height = 0.14

[sub_resource type="CapsuleShape3D" id="CapsuleShape3D_12e65"]
radius = 0.093
height = 0.413

[sub_resource type="CapsuleShape3D" id="CapsuleShape3D_uerw7"]
radius = 0.064
height = 0.32408106

[sub_resource type="CapsuleShape3D" id="CapsuleShape3D_fnqgs"]
radius = 0.075
height = 0.25

[sub_resource type="SceneReplicationConfig" id="SceneReplicationConfig_wppca"]
properties/0/path = NodePath(".:transform")
properties/0/spawn = true
properties/0/replication_mode = 1
properties/1/path = NodePath(".:velocity")
properties/1/spawn = true
properties/1/replication_mode = 1
properties/2/path = NodePath("PlayerState:current_state")
properties/2/spawn = true
properties/2/replication_mode = 1
properties/3/path = NodePath("LookPivot:rotation")
properties/3/spawn = true
properties/3/replication_mode = 1
properties/4/path = NodePath("HangJointRight:transform")
properties/4/spawn = true
properties/4/replication_mode = 1
properties/5/path = NodePath("HangJointRight:node_a")
properties/5/spawn = true
properties/5/replication_mode = 1
properties/6/path = NodePath("HangJointRight:node_b")
properties/6/spawn = true
properties/6/replication_mode = 1
properties/7/path = NodePath("ape_orangutan:transform")
properties/7/spawn = true
properties/7/replication_mode = 1
properties/8/path = NodePath("ape_orangutan/Armature_Orang/Skeleton3D/ArmRightIK:influence")
properties/8/spawn = true
properties/8/replication_mode = 1
properties/9/path = NodePath("AnimationTree:on_floor")
properties/9/spawn = true
properties/9/replication_mode = 1

[sub_resource type="AnimationNodeAnimation" id="AnimationNodeAnimation_dg7gw"]
animation = &"Orang_Walk"

[sub_resource type="AnimationNodeAnimation" id="AnimationNodeAnimation_saxvm"]
animation = &"Orang_crouch"

[sub_resource type="AnimationNodeAnimation" id="AnimationNodeAnimation_g16rh"]
animation = &"Orang_idle"

[sub_resource type="AnimationNodeStateMachineTransition" id="AnimationNodeStateMachineTransition_e25ti"]
advance_mode = 2

[sub_resource type="AnimationNodeStateMachineTransition" id="AnimationNodeStateMachineTransition_6fun5"]
xfade_time = 0.2
advance_mode = 2
advance_expression = "ape.velocity.length()>0"

[sub_resource type="Curve" id="Curve_dg7gw"]
_data = [Vector2(0, 0), 0.0, 0.0, 0, 0, Vector2(0.5047259, 0.7999315), 1.1129055, 1.1129055, 0, 0, Vector2(1, 1), 0.0, 0.0, 0, 0]
point_count = 3

[sub_resource type="AnimationNodeStateMachineTransition" id="AnimationNodeStateMachineTransition_pv3yb"]
xfade_time = 0.1
xfade_curve = SubResource("Curve_dg7gw")
advance_mode = 2
advance_expression = "!on_floor"

[sub_resource type="AnimationNodeStateMachineTransition" id="AnimationNodeStateMachineTransition_irwbq"]
xfade_time = 0.1
advance_mode = 2
advance_expression = "on_floor"

[sub_resource type="AnimationNodeStateMachineTransition" id="AnimationNodeStateMachineTransition_dg7gw"]
xfade_time = 0.25
advance_mode = 2
advance_expression = "ape.velocity.length()==0"

[sub_resource type="AnimationNodeStateMachineTransition" id="AnimationNodeStateMachineTransition_eiabh"]
xfade_time = 0.1
xfade_curve = SubResource("Curve_dg7gw")
advance_mode = 2
advance_expression = "!on_floor"

[sub_resource type="AnimationNodeStateMachine" id="AnimationNodeStateMachine_b4p6a"]
states/Orang_Walk/node = SubResource("AnimationNodeAnimation_dg7gw")
states/Orang_Walk/position = Vector2(254, 199)
states/Orang_crouch/node = SubResource("AnimationNodeAnimation_saxvm")
states/Orang_crouch/position = Vector2(398, 29)
states/Orang_idle/node = SubResource("AnimationNodeAnimation_g16rh")
states/Orang_idle/position = Vector2(240, 100)
states/Start/position = Vector2(86, 94)
transitions = ["Start", "Orang_idle", SubResource("AnimationNodeStateMachineTransition_e25ti"), "Orang_idle", "Orang_Walk", SubResource("AnimationNodeStateMachineTransition_6fun5"), "Orang_idle", "Orang_crouch", SubResource("AnimationNodeStateMachineTransition_pv3yb"), "Orang_crouch", "Orang_idle", SubResource("AnimationNodeStateMachineTransition_irwbq"), "Orang_Walk", "Orang_idle", SubResource("AnimationNodeStateMachineTransition_dg7gw"), "Orang_Walk", "Orang_crouch", SubResource("AnimationNodeStateMachineTransition_eiabh")]

[sub_resource type="AnimationNodeBlendTree" id="AnimationNodeBlendTree_sv5r5"]
nodes/StateMachine/node = SubResource("AnimationNodeStateMachine_b4p6a")
nodes/StateMachine/position = Vector2(-40, 140)
node_connections = [&"output", 0, &"StateMachine"]

[node name="Player" type="CharacterBody3D" unique_id=1802699836 node_paths=PackedStringArray("input", "camera", "look", "model", "state")]
collision_layer = 2
collision_mask = 3
floor_max_angle = 0.9599311
script = ExtResource("1_u8ah8")
speed = 3.0
ground_rotation_speed = 5.0
input = NodePath("Input")
camera = NodePath("LookPivot/Camera3D")
look = NodePath("LookPivot")
model = NodePath("ape_orangutan")
state = NodePath("PlayerState")

[node name="CollisionShape3D" type="CollisionShape3D" parent="." unique_id=971283472]
transform = Transform3D(1, 0, 0, 0, 1, 0, 0, 0, 1, 0, 0.5, 0)
shape = SubResource("CapsuleShape3D_t2650")

[node name="ape_orangutan" parent="." unique_id=888293569 instance=ExtResource("2_u8ah8")]
transform = Transform3D(-1, 0, -8.742278e-08, 0, 1, 0, 8.742278e-08, 0, -1, 0, 0, 0)

[node name="Skeleton3D" parent="ape_orangutan/Armature_Orang" parent_id_path=PackedInt32Array(888293569, 637657304) index="0" unique_id=1638835662]
bones/1/position = Vector3(4.0300865e-14, 1.9426478, 0.3974252)
bones/2/position = Vector3(-0.3603421, 0.12570447, 0.53421086)
bones/2/rotation = Quaternion(4.3697188e-08, -0.02548535, 0.9996752, -1.1139992e-09)
bones/3/position = Vector3(-0.3009643, 0.47386995, 0.111370206)
bones/3/rotation = Quaternion(-0.19421354, 0.6900166, -0.69268316, 0.0796758)
bones/4/position = Vector3(-0.06873547, 0.30028573, 0.42565292)
bones/5/position = Vector3(-0.14016512, -0.05082156, 0.061301384)
bones/5/rotation = Quaternion(0.11915757, -0.6993286, 0.28120747, 0.64626884)
bones/6/position = Vector3(0.36034217, 0.12570447, 0.5342109)
bones/6/rotation = Quaternion(4.3697188e-08, -0.02548535, 0.9996752, -1.1139992e-09)
bones/7/position = Vector3(0.3009643, 0.47386995, 0.111370206)
bones/7/rotation = Quaternion(0.19421357, 0.6900166, -0.6926832, -0.07967582)
bones/8/position = Vector3(0.06873547, 0.30028573, 0.42565292)
bones/9/position = Vector3(0.14016512, -0.05082156, 0.061301384)
bones/9/rotation = Quaternion(0.11915757, 0.6993286, -0.28120747, 0.64626884)
bones/10/position = Vector3(6.651855e-05, -0.13745527, 0.27577022)
bones/10/rotation = Quaternion(1.3531272e-07, 0.960066, 0.27977362, 5.3536894e-07)
bones/11/rotation = Quaternion(0.1583833, 8.136224e-08, -1.583093e-07, 0.9873777)
bones/12/rotation = Quaternion(0.28638637, 1.4797924e-06, 1.870376e-07, 0.9581142)
bones/13/rotation = Quaternion(-0.1520483, -3.4830234e-06, -2.2764196e-05, 0.98837316)
bones/16/rotation = Quaternion(0.7674701, 0.6297948, 0.09197245, 0.0767416)
bones/17/rotation = Quaternion(-0.109543964, -0.43523258, 0.11610935, 0.88605386)
bones/18/rotation = Quaternion(-0.5898329, -0.20066212, 0.64671963, 0.43998381)
bones/19/rotation = Quaternion(0.37203828, -0.15589517, -0.5554423, 0.7271644)
bones/20/rotation = Quaternion(0.61488503, 0.08976859, -0.15805171, 0.7673837)
bones/21/rotation = Quaternion(0.8402194, 0.015071286, -0.034139547, 0.540961)
bones/22/rotation = Quaternion(0.5259907, -0.28141648, -0.06729437, 0.7997562)
bones/24/rotation = Quaternion(0.62400496, -0.08488151, -0.223102, 0.74406886)
bones/25/rotation = Quaternion(0.73857147, 0.110073835, -0.29959065, 0.5938361)
bones/26/rotation = Quaternion(0.7674739, -0.6297993, -0.09194187, 0.076704085)
bones/27/rotation = Quaternion(-0.10967857, 0.43524686, -0.11631298, 0.8860035)
bones/28/rotation = Quaternion(-0.58990914, 0.20057744, -0.6468027, 0.43979788)
bones/29/rotation = Quaternion(0.37208268, 0.1556621, 0.55561715, 0.72705805)
bones/30/rotation = Quaternion(0.614885, -0.08976861, 0.15805167, 0.7673837)
bones/31/rotation = Quaternion(0.8402194, -0.015071329, 0.03413956, 0.54096097)
bones/32/position = Vector3(0.018465336, 0.105905615, 0.014835339)
bones/32/rotation = Quaternion(0.62400496, 0.084881485, 0.22310194, 0.7440689)
bones/33/rotation = Quaternion(0.73857135, -0.110073835, 0.2995907, 0.59383625)
bones/34/rotation = Quaternion(0.52599066, 0.28141657, 0.06729435, 0.7997563)
bones/36/rotation = Quaternion(0.65536684, 0.72970366, 0.09139436, 0.17226127)
bones/37/rotation = Quaternion(-0.19676515, -0.66891533, 0.22717655, 0.67987263)
bones/38/rotation = Quaternion(0.71929103, -0.017833209, 0.6404052, 0.26867017)
bones/39/rotation = Quaternion(-0.36000142, 0.14971301, -0.9207394, -0.014963178)
bones/40/rotation = Quaternion(-0.034143746, 0.88755524, -0.06985925, 0.45409206)
bones/41/position = Vector3(0.039142445, 0.028837094, 0.03866555)
bones/41/rotation = Quaternion(-0.15224452, -0.8453407, 0.037964676, 0.5106657)
bones/42/rotation = Quaternion(0.00847299, 0.8855601, -0.0923494, -0.4551737)
bones/43/position = Vector3(-0.043649405, -0.024467414, -0.058716673)
bones/43/rotation = Quaternion(0.016035995, 0.86718106, -0.48570782, -0.10875581)
bones/44/rotation = Quaternion(-0.03783698, -0.4003064, 0.03324155, 0.91499627)
bones/45/rotation = Quaternion(-0.6553667, 0.7297035, 0.09139517, -0.17226207)
bones/46/rotation = Quaternion(-0.19706982, 0.6688217, -0.22742014, 0.6797949)
bones/47/rotation = Quaternion(0.7193019, 0.017829979, -0.640415, 0.2686177)
bones/48/rotation = Quaternion(-0.35989982, -0.1493083, 0.9208427, -0.015096009)
bones/49/rotation = Quaternion(0.034143798, 0.88755524, -0.069859274, -0.45409206)
bones/50/position = Vector3(-0.03914247, 0.028837115, 0.03866558)
bones/50/rotation = Quaternion(-0.15224443, 0.8453408, -0.037964568, 0.5106656)
bones/51/rotation = Quaternion(-0.008472929, 0.8855601, -0.09234924, 0.45517376)
bones/52/position = Vector3(0.043649398, -0.024467422, -0.05871666)
bones/52/rotation = Quaternion(-0.016036, 0.8671811, -0.48570767, 0.10875581)
bones/53/rotation = Quaternion(-0.037836928, 0.4003064, -0.03324153, 0.91499627)

[node name="Head" type="BoneAttachment3D" parent="ape_orangutan/Armature_Orang/Skeleton3D" index="1" unique_id=312895356]
transform = Transform3D(1, 5.1157633e-05, 4.4856315e-06, -3.963903e-06, 0.1639797, -0.98646355, -5.12007e-05, 0.9864636, 0.16397953, -6.215193e-05, 0.4538043, 0.34706822)
bone_name = "Head"
bone_idx = 13

[node name="Hand_R" type="BoneAttachment3D" parent="ape_orangutan/Armature_Orang/Skeleton3D" index="2" unique_id=1993154366]
transform = Transform3D(0.8350191, -0.051723827, -0.54778373, -0.32827365, 0.7521356, -0.57142675, 0.44156393, 0.65697527, 0.6110682, -0.1269421, 0.79798925, 0.87648326)
bone_name = "Hand_R"
bone_idx = 29

[node name="HoldingSpaceRight" type="Marker3D" parent="ape_orangutan/Armature_Orang/Skeleton3D/Hand_R" unique_id=496759705]
transform = Transform3D(0.99999946, -1.0058284e-06, -1.7881393e-07, 9.797513e-07, 0.9999993, 1.1324883e-06, 1.6391277e-07, -1.4007092e-06, 0.9999991, -0.03665997, 0.08608669, 0.0808467)

[node name="Spine" type="BoneAttachment3D" parent="ape_orangutan/Armature_Orang/Skeleton3D" index="3" unique_id=1004265275]
transform = Transform3D(1, 8.829122e-06, -1.2390101e-06, -3.2683818e-06, 0.23373696, -0.97229993, -8.294954e-06, 0.9723, 0.23373681, -6.650632e-05, 0.44112337, -0.016690344)
bone_name = "Spine"
bone_idx = 11

[node name="RayCast3D" type="RayCast3D" parent="ape_orangutan/Armature_Orang/Skeleton3D/Spine" unique_id=391874177 node_paths=PackedStringArray("target_child", "ignore_these")]
transform = Transform3D(-1, -2.5189154e-06, 8.557606e-06, -8.854693e-06, 0.18762134, -0.98224175, 8.6882204e-07, -0.982241, -0.18762168, -0.32130536, 0.21029215, 0.012489617)
target_position = Vector3(0, 0, -1.605)
collision_mask = 19
debug_shape_custom_color = Color(1, 0.3447545, 0.55754477, 1)
debug_shape_thickness = 5
script = ExtResource("3_sv5r5")
target_child = NodePath("../../../../../LookPivot/HandTargetRight")
ignore_these = [NodePath("../../../../..")]

[node name="SpineLookAt" type="LookAtModifier3D" parent="ape_orangutan/Armature_Orang/Skeleton3D" index="4" unique_id=1590428552]
transform = Transform3D(3.030303, 0, 0, 0, 3.030303, 0, 0, 0, 3.030303, 0, 0, 0)
influence = 0.25
target_node = NodePath("../../../../LookPivot/LookAtMe")
bone_name = "Spine"
bone = 11
forward_axis = 2
primary_rotation_axis = 2
relative = true
duration = 0.15
transition_type = 1
ease_type = 2

[node name="NeckLookAt" type="LookAtModifier3D" parent="ape_orangutan/Armature_Orang/Skeleton3D" index="5" unique_id=734787130]
transform = Transform3D(3.030303, 0, 0, 0, 3.030303, 0, 0, 0, 3.030303, 0, 0, 0)
influence = 0.25
target_node = NodePath("../../../../LookPivot/LookAtMe")
bone_name = "Neck"
bone = 12
forward_axis = 2
primary_rotation_axis = 0
relative = true
duration = 0.15
transition_type = 1
ease_type = 2

[node name="HeadLookAt" type="LookAtModifier3D" parent="ape_orangutan/Armature_Orang/Skeleton3D" index="6" unique_id=1369929918]
transform = Transform3D(3.030303, 0, 0, 0, 3.030303, 0, 0, 0, 3.030303, 0, 0, 0)
influence = 0.5
target_node = NodePath("../../../../LookPivot/LookAtMe")
bone_name = "Head"
bone = 13
forward_axis = 2
primary_rotation_axis = 2
relative = true
duration = 0.15
transition_type = 1
ease_type = 2

[node name="ArmRightIK" type="JacobianIK3D" parent="ape_orangutan/Armature_Orang/Skeleton3D" index="7" unique_id=396703440]
angular_delta_limit = 0.08726646259971647
setting_count = 1
settings/0/target_node = NodePath("../../../../LookPivot/HandTargetRight")
settings/0/root_bone_name = "Shoulder_R"
settings/0/root_bone = 26
settings/0/end_bone_name = "Finger_R"
settings/0/end_bone = 30
settings/0/extend_end_bone = false
settings/0/joint_count = 5
settings/0/joints/0/rotation_axis = 3
settings/0/joints/0/limitation = SubResource("JointLimitationCone3D_5qxfy")
settings/0/joints/0/limitation/right_axis = 2
settings/0/joints/0/limitation/rotation_offset = Quaternion(0.165, -1.095, -0.035, 1.31)
settings/0/joints/1/rotation_axis = 3
settings/0/joints/1/limitation = SubResource("JointLimitationCone3D_sv5r5")
settings/0/joints/1/limitation/right_axis = 0
settings/0/joints/1/limitation/rotation_offset = Quaternion(0, 0.48, -0.095, -0.41)
settings/0/joints/2/rotation_axis = 3
settings/0/joints/2/limitation = SubResource("JointLimitationCone3D_uya27")
settings/0/joints/2/limitation/right_axis = 0
settings/0/joints/2/limitation/rotation_offset = Quaternion(-0.84, -0.105, -0.225, 0.95)
settings/0/joints/3/rotation_axis = 3
settings/0/joints/3/limitation = null
settings/0/joints/4/rotation_axis = 3
settings/0/joints/4/limitation = null

[node name="Ragdoll" type="PhysicalBoneSimulator3D" parent="ape_orangutan/Armature_Orang/Skeleton3D" index="8" unique_id=634023419 node_paths=PackedStringArray("input", "state", "ape", "skeleton", "look_pivot")]
transform = Transform3D(3.030303, 0, 0, 0, 3.030303, 0, 0, 0, 3.030303, 0, 0, 0)
influence = 0.0
script = ExtResource("4_uya27")
input = NodePath("../../../../Input")
state = NodePath("../../../../PlayerState")
ape = NodePath("../../../..")
skeleton = NodePath("..")
look_pivot = NodePath("../../../../LookPivot")
get_up_speed = 2.5

[node name="Physical Bone Pelvis" type="PhysicalBone3D" parent="ape_orangutan/Armature_Orang/Skeleton3D/Ragdoll" unique_id=1117151723]
transform = Transform3D(0.33, 6.3083316e-09, -3.66142e-07, -3.1220458e-07, 0.17728838, -0.27833223, 1.9138459e-07, 0.27833223, 0.17728838, -2.2334512e-05, 0.09307517, -0.09333721)
collision_layer = 4
joint_type = 2
joint_offset = Transform3D(1, 0, 0, 0, 1, 0, 0, 0, 1, 1.1715101e-06, 0.0021368908, 0.008801848)
body_offset = Transform3D(1, -2.0675827e-08, -5.8299747e-09, 2.067614e-08, 0.9999999, 4.181266e-05, 5.8290652e-09, -4.1753054e-05, 1, -1.1714146e-06, -0.0021372586, -0.008801758)
friction = 0.4
bone_name = "Pelvis"
joint_constraints/swing_span = 9.999996
joint_constraints/twist_span = 180.0
joint_constraints/bias = 0.3
joint_constraints/softness = 0.8
joint_constraints/relaxation = 1.0

[node name="CollisionShape3D" type="CollisionShape3D" parent="ape_orangutan/Armature_Orang/Skeleton3D/Ragdoll/Physical Bone Pelvis" unique_id=344764278]
transform = Transform3D(1, 1.7763568e-15, -7.1054274e-15, 0, 0, 1, 0, -1, 0, -1.5464547e-08, 0.1585498, 0.107316256)
shape = SubResource("CapsuleShape3D_jyq33")

[node name="MultiplayerSynchronizer" type="MultiplayerSynchronizer" parent="ape_orangutan/Armature_Orang/Skeleton3D/Ragdoll/Physical Bone Pelvis" unique_id=767726399]
replication_config = SubResource("SceneReplicationConfig_eiabh")

[node name="Physical Bone Spine" type="PhysicalBone3D" parent="ape_orangutan/Armature_Orang/Skeleton3D/Ragdoll" unique_id=577611465]
transform = Transform3D(0.33, 2.8254556e-06, -4.0273954e-07, -1.0522657e-06, 0.07716571, -0.32085118, -2.6529483e-06, 0.32085118, 0.07716571, -2.2469012e-05, 0.15027396, -0.0057092016)
collision_layer = 4
joint_type = 2
joint_offset = Transform3D(1, 0, 0, 0, 1, 0, 0, 0, 1, 1.6221263e-06, -0.0027393375, 0.013999838)
body_offset = Transform3D(1, -2.6726138e-07, 1.7692173e-08, 2.6726138e-07, 1, 0.00010146201, -1.7719913e-08, -0.000101327896, 1.0000001, -1.6231061e-06, 0.002737917, -0.014000118)
friction = 0.4
bone_name = "Spine"
joint_constraints/swing_span = 4.999998
joint_constraints/twist_span = 39.999985
joint_constraints/bias = 0.3
joint_constraints/softness = 0.8
joint_constraints/relaxation = 1.0

[node name="CollisionShape3D" type="CollisionShape3D" parent="ape_orangutan/Armature_Orang/Skeleton3D/Ragdoll/Physical Bone Spine" unique_id=1345764570]
transform = Transform3D(1, 3.5063005e-07, 2.351824e-07, -4.0167512e-07, 0.9616797, 0.2741776, -1.3003512e-07, -0.27417773, 0.9616792, -8.0137e-08, 0.076402396, 0.117420435)
shape = SubResource("CapsuleShape3D_q1lcf")

[node name="PushablePusher" type="Area3D" parent="ape_orangutan/Armature_Orang/Skeleton3D/Ragdoll/Physical Bone Spine" unique_id=180764024 node_paths=PackedStringArray("ape", "state", "ragdoll")]
transform = Transform3D(1, -8.396941e-06, -3.3419167e-06, 9.036499e-06, 0.9346081, 0.35567868, 1.3676929e-07, -0.35567865, 0.9346086, 2.4718756e-06, -0.23937228, 0.22553359)
collision_layer = 0
collision_mask = 16
script = ExtResource("5_jyq33")
power = 1.5
ape = NodePath("../../../../../..")
state = NodePath("../../../../../../PlayerState")
ragdoll = NodePath("../..")

[node name="CollisionShape3D" type="CollisionShape3D" parent="ape_orangutan/Armature_Orang/Skeleton3D/Ragdoll/Physical Bone Spine/PushablePusher" unique_id=475919890]
transform = Transform3D(1, 1.29602995e-11, -1.2244072e-10, -1.23066e-11, 1.0000057, -0.0009190738, 1.2309442e-10, 0.0009189844, 1.0000057, 1.5302066e-07, 0.2786804, 0.098716736)
shape = SubResource("CylinderShape3D_dg7gw")
debug_color = Color(0.9733754, 0, 0.4378033, 0.41960785)

[node name="MultiplayerSynchronizer" type="MultiplayerSynchronizer" parent="ape_orangutan/Armature_Orang/Skeleton3D/Ragdoll/Physical Bone Spine" unique_id=72310783]
replication_config = SubResource("SceneReplicationConfig_eiabh")

[node name="Physical Bone Neck" type="PhysicalBone3D" parent="ape_orangutan/Armature_Orang/Skeleton3D/Ragdoll" unique_id=2102952717]
transform = Transform3D(0.33, 5.156709e-06, -1.2049533e-06, -8.920375e-08, -0.06966385, -0.3225631, -5.294866e-06, 0.3225631, -0.06966386, -2.2023754e-05, 0.16625467, 0.061896257)
collision_layer = 4
collision_mask = 17
joint_type = 2
joint_offset = Transform3D(1, 0, 0, 0, 1, 0, 0, 0, 1, 2.1262742e-06, -0.0018154104, 0.015524162)
body_offset = Transform3D(1, 5.06594e-07, -1.1975385e-07, -5.068214e-07, 0.9999984, -0.001930356, 1.18771595e-07, 0.0019305199, 0.99999833, -2.1234955e-06, 0.0018453747, -0.015520632)
friction = 0.4
bone_name = "Neck"
joint_constraints/swing_span = 19.999992
joint_constraints/twist_span = 24.999996
joint_constraints/bias = 0.3
joint_constraints/softness = 0.8
joint_constraints/relaxation = 1.0

[node name="CollisionShape3D" type="CollisionShape3D" parent="ape_orangutan/Armature_Orang/Skeleton3D/Ragdoll/Physical Bone Neck" unique_id=868781670]
transform = Transform3D(1, 1.106147e-06, 2.768926e-07, -1.1006739e-06, 0.8516721, 0.524075, 3.1126189e-07, -0.524075, 0.8516723, 6.4844244e-08, 0.14075811, 0.053019404)
shape = SubResource("CapsuleShape3D_68qp5")

[node name="MultiplayerSynchronizer" type="MultiplayerSynchronizer" parent="ape_orangutan/Armature_Orang/Skeleton3D/Ragdoll/Physical Bone Neck" unique_id=113265049]
replication_config = SubResource("SceneReplicationConfig_eiabh")

[node name="Physical Bone Head" type="PhysicalBone3D" parent="ape_orangutan/Armature_Orang/Skeleton3D/Ragdoll" unique_id=1779494347]
transform = Transform3D(0.33, 1.8703082e-05, 1.72943e-06, -1.3608951e-06, 0.05411312, -0.3255331, -1.8733504e-05, 0.3255331, 0.05411312, -2.3234932e-05, 0.15473333, 0.11767454)
collision_layer = 4
collision_mask = 17
joint_type = 2
joint_offset = Transform3D(1, 0, 0, 0, 1, 0, 0, 0, 1, 8.859659e-06, -0.011865935, 0.013319078)
body_offset = Transform3D(1, 5.518352e-06, 7.5508615e-07, -5.5183664e-06, 1.0000002, -4.3213367e-07, -7.550998e-07, 5.9604645e-07, 1.0000004, -8.804236e-06, 0.011865944, -0.013319075)
friction = 0.4
bone_name = "Head"
joint_constraints/swing_span = 24.999996
joint_constraints/twist_span = 19.999992
joint_constraints/bias = 0.3
joint_constraints/softness = 0.8
joint_constraints/relaxation = 1.0

[node name="CollisionShape3D" type="CollisionShape3D" parent="ape_orangutan/Armature_Orang/Skeleton3D/Ragdoll/Physical Bone Head" unique_id=1606479431]
transform = Transform3D(0.99994695, -0.002134634, -0.010077274, 0.00027098507, 0.9834103, -0.18141994, 0.010297311, 0.1814082, 0.9833542, 9.1708825e-05, 0.111748844, 0.022595644)
shape = SubResource("CapsuleShape3D_6128t")

[node name="MultiplayerSynchronizer" type="MultiplayerSynchronizer" parent="ape_orangutan/Armature_Orang/Skeleton3D/Ragdoll/Physical Bone Head" unique_id=2016773755]
replication_config = SubResource("SceneReplicationConfig_eiabh")

[node name="Physical Bone Shoulder_L" type="PhysicalBone3D" parent="ape_orangutan/Armature_Orang/Skeleton3D/Ragdoll" unique_id=143140330]
transform = Transform3D(0.06283055, 0.31439346, 0.078160584, 0.061279003, -0.08971326, 0.31160298, 0.3181151, -0.044813894, -0.07546197, 4.3285385e-05, 0.16637994, 0.062150255)
collision_layer = 4
collision_mask = 17
joint_type = 2
joint_offset = Transform3D(1, 0, 0, 0, 1, 0, 0, 0, 1, -0.008466113, 0.004728218, -0.013040149)
body_offset = Transform3D(0.9999999, -0.00064483285, 0.00011231005, 0.00064507127, 0.9999997, -0.0010573268, -0.0001116842, 0.0010574646, 0.9999994, 0.008470625, -0.0047365427, 0.013034195)
friction = 0.4
bone_name = "Shoulder_L"
joint_constraints/swing_span = 39.999985
joint_constraints/twist_span = 9.999996
joint_constraints/bias = 0.3
joint_constraints/softness = 0.8
joint_constraints/relaxation = 1.0

[node name="CollisionShape3D" type="CollisionShape3D" parent="ape_orangutan/Armature_Orang/Skeleton3D/Ragdoll/Physical Bone Shoulder_L" unique_id=414945970]
transform = Transform3D(1.0000013, 6.482005e-07, 0, -9.313226e-10, 1.0000005, 6.519258e-09, 0, -1.9324943e-07, 1.0000004, 0.0056129694, 0.126, -0.07021457)
shape = SubResource("CapsuleShape3D_o8nwy")

[node name="MultiplayerSynchronizer" type="MultiplayerSynchronizer" parent="ape_orangutan/Armature_Orang/Skeleton3D/Ragdoll/Physical Bone Shoulder_L" unique_id=166108573]
replication_config = SubResource("SceneReplicationConfig_eiabh")

[node name="Physical Bone Arm_Upper_L" type="PhysicalBone3D" parent="ape_orangutan/Armature_Orang/Skeleton3D/Ragdoll" unique_id=1001508409]
transform = Transform3D(0.19579688, 0.2647241, 0.0220168, 0.2397593, -0.18788949, 0.1269371, 0.11436374, -0.059318658, -0.30381286, 0.07011352, 0.14582177, 0.055227004)
collision_layer = 4
collision_mask = 17
joint_type = 2
joint_offset = Transform3D(1, 0, 0, 0, 1, 0, 0, 0, 1, -0.014547333, 0.012278789, 0.008638561)
body_offset = Transform3D(0.9997388, -0.019110203, -0.01254198, 0.019026991, 0.9997965, -0.0067405105, 0.012668222, 0.00650011, 0.9998987, 0.014886528, -0.011941269, -0.00853321)
friction = 0.4
bone_name = "Arm_Upper_L"
joint_constraints/swing_span = 49.999992
joint_constraints/twist_span = 30.0
joint_constraints/bias = 0.3
joint_constraints/softness = 0.8
joint_constraints/relaxation = 1.0

[node name="CollisionShape3D" type="CollisionShape3D" parent="ape_orangutan/Armature_Orang/Skeleton3D/Ragdoll/Physical Bone Arm_Upper_L" unique_id=424910768]
transform = Transform3D(0.9999997, 1.4882535e-06, 1.9669533e-06, -3.259629e-08, 0.99999535, 1.3299286e-06, 1.7881393e-07, -3.091991e-07, 0.9999914, 0.005, 0.216, -0.014)
shape = SubResource("CapsuleShape3D_1hjce")

[node name="MultiplayerSynchronizer" type="MultiplayerSynchronizer" parent="ape_orangutan/Armature_Orang/Skeleton3D/Ragdoll/Physical Bone Arm_Upper_L" unique_id=263835612]
replication_config = SubResource("SceneReplicationConfig_eiabh")

[node name="Physical Bone Arm_Lower_L" type="PhysicalBone3D" parent="ape_orangutan/Armature_Orang/Skeleton3D/Ragdoll" unique_id=991657022]
transform = Transform3D(0.22121018, -0.21956836, -0.10842416, -0.20324242, -0.08311738, -0.2463413, 0.13659643, 0.23190786, -0.19094549, 0.18545732, 0.06740065, 0.02816893)
collision_layer = 4
collision_mask = 17
joint_type = 3
joint_offset = Transform3D(1, 0, 0, 0, 1, 0, 0, 0, 1, -0.005100473, 0.008584702, 0.010306046)
body_offset = Transform3D(0.99971193, 0.023415446, -0.0053374916, -0.023321599, 0.99958265, 0.017073095, 0.0057349503, -0.016943693, 0.99984014, 0.004952997, -0.008876026, -0.01012969)
friction = 0.4
bone_name = "Arm_Lower_L"
joint_constraints/angular_limit_enabled = true
joint_constraints/angular_limit_upper = 99.999985
joint_constraints/angular_limit_lower = -99.999985
joint_constraints/angular_limit_bias = 0.3
joint_constraints/angular_limit_softness = 0.9
joint_constraints/angular_limit_relaxation = 1.0

[node name="CollisionShape3D" type="CollisionShape3D" parent="ape_orangutan/Armature_Orang/Skeleton3D/Ragdoll/Physical Bone Arm_Lower_L" unique_id=1776166021]
transform = Transform3D(0.9925505, -0.0112032555, -0.12131918, 0.008724622, 0.9997458, -0.020942487, 0.12152221, 0.019728009, 0.9923958, 0, 0.232, -0.021)
shape = SubResource("CapsuleShape3D_opfua")

[node name="MultiplayerSynchronizer" type="MultiplayerSynchronizer" parent="ape_orangutan/Armature_Orang/Skeleton3D/Ragdoll/Physical Bone Arm_Lower_L" unique_id=430925426]
replication_config = SubResource("SceneReplicationConfig_eiabh")

[node name="Physical Bone Hand_L" type="PhysicalBone3D" parent="ape_orangutan/Armature_Orang/Skeleton3D/Ragdoll" unique_id=1975766003]
transform = Transform3D(0.29787707, 0.05520293, -0.13085058, 0.05746481, -0.32489806, -0.006250427, -0.12987316, -0.017143773, -0.30288455, 0.105353124, 0.03648062, 0.10914952)
collision_layer = 4
collision_mask = 17
joint_type = 3
joint_offset = Transform3D(1, 0, 0, 0, 1, 0, 0, 0, 1, -0.017160326, 0.0004956059, 0.0074302396)
body_offset = Transform3D(0.9997535, 0.010940762, -0.019344509, -0.010940511, 0.99994034, 0.000109776855, 0.01934433, 0.00010179356, 0.9998131, 0.017294407, -0.00068413466, -0.0070969462)
friction = 0.4
bone_name = "Hand_L"
joint_constraints/angular_limit_enabled = true
joint_constraints/angular_limit_upper = 45.0
joint_constraints/angular_limit_lower = -45.0
joint_constraints/angular_limit_bias = 0.3
joint_constraints/angular_limit_softness = 0.9
joint_constraints/angular_limit_relaxation = 1.0

[node name="CollisionShape3D" type="CollisionShape3D" parent="ape_orangutan/Armature_Orang/Skeleton3D/Ragdoll/Physical Bone Hand_L" unique_id=1977704871]
transform = Transform3D(0.9968977, 0.0677148, -0.03972742, -0.076128095, 0.9574342, -0.27840218, 0.019184709, 0.28056636, 0.9596361, -0.0068920404, 0.07364557, 0.02949211)
shape = SubResource("CapsuleShape3D_ixha7")

[node name="MultiplayerSynchronizer" type="MultiplayerSynchronizer" parent="ape_orangutan/Armature_Orang/Skeleton3D/Ragdoll/Physical Bone Hand_L" unique_id=292504141]
replication_config = SubResource("SceneReplicationConfig_eiabh")

[node name="Physical Bone Shoulder_R" type="PhysicalBone3D" parent="ape_orangutan/Armature_Orang/Skeleton3D/Ragdoll" unique_id=1152930989]
transform = Transform3D(-0.098592564, -0.30538166, -0.076951675, -0.0959043, -0.047690574, 0.31213456, -0.2999698, 0.11561861, -0.07450145, 0.00048270126, 0.16629972, 0.061571505)
collision_layer = 4
collision_mask = 17
joint_type = 2
joint_offset = Transform3D(1, 0, 0, 0, 1, 0, 0, 0, 1, 0.0084920125, 0.0021456426, -0.012844918)
body_offset = Transform3D(0.99994314, -0.010666311, -0.00056017935, 0.0106728375, 0.99985904, 0.012989938, 0.00042167306, -0.012995198, 0.99991566, -0.00847584, -0.0020691194, 0.012868136)
friction = 0.4
bone_name = "Shoulder_R"
joint_constraints/swing_span = 39.999985
joint_constraints/twist_span = 9.999996
joint_constraints/bias = 0.3
joint_constraints/softness = 0.8
joint_constraints/relaxation = 1.0

[node name="CollisionShape3D" type="CollisionShape3D" parent="ape_orangutan/Armature_Orang/Skeleton3D/Ragdoll/Physical Bone Shoulder_R" unique_id=291864541]
transform = Transform3D(1.0000013, 6.482005e-07, 0, -9.313226e-10, 1.0000005, 6.519258e-09, 0, -1.9324943e-07, 1.0000004, 0.0056129694, 0.126, -0.07021457)
shape = SubResource("CapsuleShape3D_o8nwy")

[node name="MultiplayerSynchronizer" type="MultiplayerSynchronizer" parent="ape_orangutan/Armature_Orang/Skeleton3D/Ragdoll/Physical Bone Shoulder_R" unique_id=89765693]
replication_config = SubResource("SceneReplicationConfig_eiabh")

[node name="Physical Bone Arm_Upper_R" type="PhysicalBone3D" parent="ape_orangutan/Armature_Orang/Skeleton3D/Ragdoll" unique_id=1441450116]
transform = Transform3D(-0.15410408, -0.08442872, -0.27932727, -0.2751595, 0.14721504, 0.10730791, 0.09715546, 0.28301862, -0.13914485, -0.06843549, 0.15658794, 0.088023774)
collision_layer = 4
collision_mask = 17
joint_type = 2
joint_offset = Transform3D(1, 0, 0, 0, 1, 0, 0, 0, 1, 0.011920898, -0.013608984, 0.00021084584)
body_offset = Transform3D(0.999976, -0.006959364, -0.00011200458, 0.0069600046, 0.99996364, 0.004965633, 7.7560544e-05, -0.00496614, 0.9999882, -0.012015298, 0.013524473, -0.00027935207)
friction = 0.4
bone_name = "Arm_Upper_R"
joint_constraints/swing_span = 49.999992
joint_constraints/twist_span = 30.0
joint_constraints/bias = 0.3
joint_constraints/softness = 0.8
joint_constraints/relaxation = 1.0

[node name="CollisionShape3D" type="CollisionShape3D" parent="ape_orangutan/Armature_Orang/Skeleton3D/Ragdoll/Physical Bone Arm_Upper_R" unique_id=96818128]
transform = Transform3D(0.9999997, 1.4882535e-06, 1.9669533e-06, -3.259629e-08, 0.99999535, 1.3299286e-06, 1.7881393e-07, -3.091991e-07, 0.9999914, 0.005, 0.216, -0.014)
shape = SubResource("CapsuleShape3D_1hjce")

[node name="MultiplayerSynchronizer" type="MultiplayerSynchronizer" parent="ape_orangutan/Armature_Orang/Skeleton3D/Ragdoll/Physical Bone Arm_Upper_R" unique_id=1377414098]
replication_config = SubResource("SceneReplicationConfig_eiabh")

[node name="Physical Bone Arm_Lower_R" type="PhysicalBone3D" parent="ape_orangutan/Armature_Orang/Skeleton3D/Ragdoll" unique_id=1386195001]
transform = Transform3D(0.26020405, 0.178909, -0.09584066, -0.18476923, 0.14432175, -0.23223174, -0.08398926, 0.23677588, 0.21396962, -0.10670161, 0.2143213, 0.19372536)
collision_layer = 4
collision_mask = 17
joint_type = 3
joint_offset = Transform3D(1, 0, 0, 0, 1, 0, 0, 0, 1, 0.002499999, 0.016985703, 0.020871157)
body_offset = Transform3D(0.99991566, 0.012401968, -0.003903091, -0.012344047, 0.9998196, 0.014448732, 0.0040814728, -0.014399201, 0.99988806, -0.002628982, -0.01725334, -0.020634443)
friction = 0.4
bone_name = "Arm_Lower_R"
joint_constraints/angular_limit_enabled = true
joint_constraints/angular_limit_upper = 99.999985
joint_constraints/angular_limit_lower = -99.999985
joint_constraints/angular_limit_bias = 0.3
joint_constraints/angular_limit_softness = 0.9
joint_constraints/angular_limit_relaxation = 1.0

[node name="CollisionShape3D" type="CollisionShape3D" parent="ape_orangutan/Armature_Orang/Skeleton3D/Ragdoll/Physical Bone Arm_Lower_R" unique_id=1372591892]
transform = Transform3D(0.9925501, -0.011203334, -0.12131892, 0.008724712, 0.9997459, -0.020942673, 0.12152193, 0.019728184, 0.99239516, 0.011639893, 0.20806396, -0.032878965)
shape = SubResource("CapsuleShape3D_opfua")

[node name="MultiplayerSynchronizer" type="MultiplayerSynchronizer" parent="ape_orangutan/Armature_Orang/Skeleton3D/Ragdoll/Physical Bone Arm_Lower_R" unique_id=692203366]
replication_config = SubResource("SceneReplicationConfig_eiabh")

[node name="Physical Bone Hand_R" type="PhysicalBone3D" parent="ape_orangutan/Armature_Orang/Skeleton3D/Ragdoll" unique_id=1094305561]
transform = Transform3D(0.27564543, -0.015432718, -0.18078008, -0.11031171, 0.24679828, -0.1892669, 0.14405185, 0.21852338, 0.20098908, -0.041008748, 0.27061713, 0.29376408)
collision_layer = 4
collision_mask = 17
joint_type = 3
joint_offset = Transform3D(1, 0, 0, 0, 1, 0, 0, 0, 1, -0.0008428996, -0.025454318, 0.0057674237)
body_offset = Transform3D(0.9999697, 0.00784266, -0.00022417307, -0.007843196, 0.9999653, -0.0029054582, 0.00020134449, 0.002907306, 0.99999595, 0.0010437965, 0.025463581, -0.005693227)
friction = 0.4
bone_name = "Hand_R"
joint_constraints/angular_limit_enabled = true
joint_constraints/angular_limit_upper = 45.0
joint_constraints/angular_limit_lower = -45.0
joint_constraints/angular_limit_bias = 0.3
joint_constraints/angular_limit_softness = 0.9
joint_constraints/angular_limit_relaxation = 1.0

[node name="CollisionShape3D" type="CollisionShape3D" parent="ape_orangutan/Armature_Orang/Skeleton3D/Ragdoll/Physical Bone Hand_R" unique_id=725425834]
transform = Transform3D(0.9969834, 0.0671664, -0.038518496, -0.07530436, 0.95683867, -0.28066516, 0.0180047, 0.28272247, 0.9590268, 0, 0.105, 0.029)
shape = SubResource("CapsuleShape3D_ixha7")

[node name="MultiplayerSynchronizer" type="MultiplayerSynchronizer" parent="ape_orangutan/Armature_Orang/Skeleton3D/Ragdoll/Physical Bone Hand_R" unique_id=259274323]
replication_config = SubResource("SceneReplicationConfig_eiabh")

[node name="Physical Bone Thigh_L" type="PhysicalBone3D" parent="ape_orangutan/Armature_Orang/Skeleton3D/Ragdoll" unique_id=1182233249]
transform = Transform3D(0.27717024, 0.17810372, 0.018860953, 0.15200381, -0.2155504, -0.19832519, -0.094718084, 0.17526296, -0.26308057, 0.037523165, 0.08366164, -0.08341762)
collision_layer = 4
collision_mask = 17
joint_type = 2
joint_offset = Transform3D(1, 0, 0, 0, 1, 0, 0, 0, 1, -0.009214771, 0.0081637595, -0.0061857924)
body_offset = Transform3D(0.99989754, -0.012478262, 0.006991461, 0.012564912, 0.9998435, -0.012466788, -0.0068347305, 0.012553275, 0.9998976, 0.0093589425, -0.008123815, 0.0060196966)
friction = 0.4
bone_name = "Thigh_L"
joint_constraints/swing_span = 65.0
joint_constraints/twist_span = 19.999992
joint_constraints/bias = 0.3
joint_constraints/softness = 0.8
joint_constraints/relaxation = 1.0

[node name="CollisionShape3D2" type="CollisionShape3D" parent="ape_orangutan/Armature_Orang/Skeleton3D/Ragdoll/Physical Bone Thigh_L" unique_id=73263602]
transform = Transform3D(0.993755, 0.10291572, 0.043105513, -0.10113803, 0.9940035, -0.041582793, -0.047126517, 0.036963537, 0.9982049, 0, 0.129, -0.007)
shape = SubResource("CapsuleShape3D_12e65")

[node name="MultiplayerSynchronizer" type="MultiplayerSynchronizer" parent="ape_orangutan/Armature_Orang/Skeleton3D/Ragdoll/Physical Bone Thigh_L" unique_id=253936212]
replication_config = SubResource("SceneReplicationConfig_eiabh")

[node name="Physical Bone Shin_L" type="PhysicalBone3D" parent="ape_orangutan/Armature_Orang/Skeleton3D/Ragdoll" unique_id=1071844902]
transform = Transform3D(0.12145966, -0.2510899, 0.17635593, -0.22558534, 0.055493783, 0.23437516, -0.20798755, -0.20681949, -0.15121803, 0.10050989, 0.010120707, -0.018884532)
collision_layer = 4
collision_mask = 17
joint_type = 3
joint_offset = Transform3D(1, 0, 0, 0, 1, 0, 0, 0, 1, -0.0016789738, 0.0058019795, -0.0043632677)
body_offset = Transform3D(0.999827, -0.017715156, -0.00567317, 0.0176875, 0.999832, -0.0048463345, 0.005758226, 0.004745126, 0.99997216, 0.0017567128, -0.005792454, 0.004345283)
friction = 0.4
bone_name = "Shin_L"
joint_constraints/angular_limit_enabled = true
joint_constraints/angular_limit_upper = 45.0
joint_constraints/angular_limit_lower = -45.0
joint_constraints/angular_limit_bias = 0.3
joint_constraints/angular_limit_softness = 0.9
joint_constraints/angular_limit_relaxation = 1.0

[node name="CollisionShape3D" type="CollisionShape3D" parent="ape_orangutan/Armature_Orang/Skeleton3D/Ragdoll/Physical Bone Shin_L" unique_id=1136118157]
transform = Transform3D(0.9677346, -0.0013375161, 0.25197425, -0.029457614, 0.99252796, 0.118404664, -0.250249, -0.122005925, 0.96046895, -0.009299912, 0.097723246, -0.001721546)
shape = SubResource("CapsuleShape3D_uerw7")

[node name="MultiplayerSynchronizer" type="MultiplayerSynchronizer" parent="ape_orangutan/Armature_Orang/Skeleton3D/Ragdoll/Physical Bone Shin_L" unique_id=472401523]
