[gd_scene format=3 uid="uid://k3y73rql2u6e"]

[ext_resource type="Script" uid="uid://lgmqlkuewowp" path="res://ape/scripts/ape_body.gd" id="1_tksy4"]
[ext_resource type="PackedScene" uid="uid://3hwk02h2rtte" path="res://ape/visuals/ape.blend" id="2_wppca"]
[ext_resource type="Script" uid="uid://c5ogdg5hcnibf" path="res://ape/scripts/camera_pivot.gd" id="3_54pyi"]
[ext_resource type="Script" uid="uid://dr0wqty80sjn7" path="res://ape/scripts/ape_input.gd" id="3_g8e4n"]
[ext_resource type="Script" uid="uid://bb6okqe1l22n5" path="res://ape/scripts/ragdoll.gd" id="3_n5wll"]
[ext_resource type="Script" uid="uid://4p57jdyc06ob" path="res://ape/hand_ray_cast.gd" id="3_vurlm"]
[ext_resource type="Script" uid="uid://dnm8oseo2h6ro" path="res://ape/scripts/player_state.gd" id="6_n5wll"]
[ext_resource type="Script" uid="uid://qqt81cqdd6n8" path="res://ape/scripts/rigid_body_hitbox.gd" id="7_n5wll"]
[ext_resource type="Script" uid="uid://trfwgwd6pb83" path="res://ape/scripts/grabbo.gd" id="8_pe46d"]

[sub_resource type="CapsuleShape3D" id="CapsuleShape3D_t2650"]
height = 1.0

[sub_resource type="JointLimitationCone3D" id="JointLimitationCone3D_vurlm"]
angle = 0.87266463

[sub_resource type="JointLimitationCone3D" id="JointLimitationCone3D_pb1wn"]

[sub_resource type="JointLimitationCone3D" id="JointLimitationCone3D_yop2s"]
angle = 3.1415927

[sub_resource type="CapsuleShape3D" id="CapsuleShape3D_wppca"]
radius = 0.24804688
height = 0.49609375

[sub_resource type="CapsuleShape3D" id="CapsuleShape3D_54pyi"]
radius = 0.2758789
height = 0.7727051

[sub_resource type="CylinderShape3D" id="CylinderShape3D_n5wll"]
height = 1.0

[sub_resource type="CapsuleShape3D" id="CapsuleShape3D_n5wll"]
radius = 0.17919922
height = 0.44213867

[sub_resource type="CapsuleShape3D" id="CapsuleShape3D_pe46d"]
radius = 0.1875
height = 0.44909668

[sub_resource type="CapsuleShape3D" id="CapsuleShape3D_vurlm"]
radius = 0.18408203
height = 0.41308594

[sub_resource type="CapsuleShape3D" id="CapsuleShape3D_pb1wn"]
radius = 0.12597656
height = 0.508448

[sub_resource type="CapsuleShape3D" id="CapsuleShape3D_c5vop"]
radius = 0.08935547
height = 0.4451279

[sub_resource type="CapsuleShape3D" id="CapsuleShape3D_yop2s"]
radius = 0.079589844
height = 0.33251953

[sub_resource type="CapsuleShape3D" id="CapsuleShape3D_ah3bo"]
radius = 0.123046875
height = 0.5633161

[sub_resource type="CapsuleShape3D" id="CapsuleShape3D_cg0of"]
radius = 0.08886719
height = 0.38058397

[sub_resource type="CapsuleShape3D" id="CapsuleShape3D_6yin8"]
radius = 0.080078125
height = 0.35131836

[sub_resource type="SceneReplicationConfig" id="SceneReplicationConfig_wppca"]
properties/0/path = NodePath(".:transform")
properties/0/spawn = true
properties/0/replication_mode = 1
properties/1/path = NodePath(".:velocity")
properties/1/spawn = true
properties/1/replication_mode = 1
properties/2/path = NodePath("ape:transform")
properties/2/spawn = true
properties/2/replication_mode = 1
properties/3/path = NodePath("PlayerState:current_state")
properties/3/spawn = true
properties/3/replication_mode = 1

[node name="Player" type="CharacterBody3D" unique_id=1802699836 node_paths=PackedStringArray("input", "camera", "look", "model", "state")]
collision_layer = 3
script = ExtResource("1_tksy4")
ground_rotation_speed = 5.0
input = NodePath("Input")
camera = NodePath("LookPivot/Camera3D")
look = NodePath("LookPivot")
model = NodePath("ape")
state = NodePath("PlayerState")

[node name="CollisionShape3D" type="CollisionShape3D" parent="." unique_id=971283472]
transform = Transform3D(1, 0, 0, 0, 1, 0, 0, 0, 1, 0, 0.5, 0)
shape = SubResource("CapsuleShape3D_t2650")

[node name="ape" parent="." unique_id=2052363937 instance=ExtResource("2_wppca")]
transform = Transform3D(-1, 0, -8.742278e-08, 0, 1, 0, 8.742278e-08, 0, -1, 0, 0, 0)

[node name="Skeleton3D" parent="ape/Armature" parent_id_path=PackedInt32Array(2052363937, 463589719) index="0" unique_id=1070762041]
bones/1/position = Vector3(4.4266514e-14, 2.1369126, 0.9423554)
bones/2/position = Vector3(-0.3958364, 0.20433521, 0.34159356)
bones/2/rotation = Quaternion(4.3697188e-08, -0.02548535, 0.9996752, -1.1139992e-09)
bones/3/position = Vector3(-0.25345954, 0.55766934, 0.34141377)
bones/3/rotation = Quaternion(-0.08604673, 0.5480936, -0.7980386, 0.23521003)
bones/4/position = Vector3(0.11808643, 0.2310265, 0.35293803)
bones/5/position = Vector3(-0.22849473, -0.10654661, 0.07658706)
bones/5/rotation = Quaternion(-0.052898332, -0.7510996, 0.07044441, 0.65428483)
bones/6/position = Vector3(0.37244037, 0.085712254, 0.33623546)
bones/6/rotation = Quaternion(4.3697188e-08, -0.02548535, 0.9996752, -1.1139992e-09)
bones/7/position = Vector3(0.1091491, 0.49794662, 0.17173578)
bones/7/rotation = Quaternion(0.096066155, 0.63112366, -0.76817524, -0.048591048)
bones/8/position = Vector3(-0.15520594, 0.38359785, 0.24431606)
bones/9/position = Vector3(0.10177541, -0.51407015, 0.27867198)
bones/9/rotation = Quaternion(-0.25170216, 0.6273138, -0.51134276, 0.5307091)
bones/10/position = Vector3(0.007749583, 0.77850425, -0.4325496)
bones/10/rotation = Quaternion(0.6211311, 0.028316556, -0.029994538, 0.7826205)
bones/11/rotation = Quaternion(-0.18676253, -0.08454294, 0.0053483224, 0.97874594)
bones/12/rotation = Quaternion(0.3362993, 0.0025887368, -0.008338329, 0.94171476)
bones/13/rotation = Quaternion(-0.0028441697, 0.08330521, 0.026495788, 0.9961677)
bones/16/rotation = Quaternion(0.7159343, 0.68026197, 0.1530632, 0.03540579)
bones/17/rotation = Quaternion(-0.12065831, -0.45920447, 0.49575394, 0.72718704)
bones/18/rotation = Quaternion(-0.42706186, -0.33693147, 0.49273488, 0.6791964)
bones/19/rotation = Quaternion(0.45440686, 0.10107059, -0.44194502, 0.7668011)
bones/20/position = Vector3(0.026249489, 0.16285844, -0.0007786351)
bones/20/rotation = Quaternion(0.4958707, 0.0440436, -0.076754846, 0.8638756)
bones/21/rotation = Quaternion(0.39341804, -0.012528774, -0.0061653885, 0.9192536)
bones/22/rotation = Quaternion(0.42003313, -0.21235803, 0.0320864, 0.88172936)
bones/23/rotation = Quaternion(-0.18646841, 0.15164627, -0.14008473, 0.9605255)
bones/24/position = Vector3(-0.03673767, 0.16260624, 0.0165346)
bones/24/rotation = Quaternion(0.5323392, 0.0275476, 0.014824008, 0.8459529)
bones/25/rotation = Quaternion(0.4982459, -0.017846882, -0.1407944, 0.8553418)
bones/27/rotation = Quaternion(-0.19934967, 0.36497983, -0.5369069, 0.7340167)
bones/28/rotation = Quaternion(-0.17710096, 0.42784253, -0.2043353, 0.8624577)
bones/29/rotation = Quaternion(0.20501006, -0.2769436, 0.25819904, 0.90255547)
bones/30/position = Vector3(-0.026424307, 0.16231267, -0.000104911625)
bones/30/rotation = Quaternion(0.6195826, -0.021643396, 0.10451478, 0.77764106)
bones/31/rotation = Quaternion(0.55086994, 0.0134265805, 0.0038351566, 0.8344743)
bones/32/rotation = Quaternion(0.27912983, 0.34243494, -0.005704662, 0.8971022)
bones/33/rotation = Quaternion(-0.04480766, -0.12966327, 0.16064791, 0.97743136)
bones/34/position = Vector3(0.036746252, 0.16228178, 0.016494632)
bones/34/rotation = Quaternion(0.65257186, -0.006682465, 0.011797728, 0.7576056)
bones/35/rotation = Quaternion(0.49824584, 0.017846864, 0.14079437, 0.8553418)
bones/37/rotation = Quaternion(-0.45495534, -0.4635025, 0.27012357, 0.7107844)
bones/38/rotation = Quaternion(0.40853256, -0.025875397, 0.1060449, 0.9061932)
bones/39/rotation = Quaternion(-0.4887878, 0.27599728, -0.5577608, 0.6114041)
bones/40/rotation = Quaternion(0.2621561, 0.77024645, -0.14452626, 0.5631224)
bones/41/rotation = Quaternion(-0.23672438, -0.75138026, 0.04666702, 0.61417544)
bones/42/rotation = Quaternion(-0.25185183, -0.79086626, 0.06245206, 0.5542572)
bones/43/position = Vector3(-0.0486147, 0.026005045, -0.1120893)
bones/43/rotation = Quaternion(-0.013775889, 0.8746482, -0.44959348, -0.1807386)
bones/44/rotation = Quaternion(0.1074069, -0.395415, 0.10642396, 0.9059717)
bones/45/rotation = Quaternion(-0.59645635, 0.7544515, 0.07665098, -0.26299742)
bones/46/rotation = Quaternion(-0.19345073, 0.5064319, -0.55271673, 0.63293594)
bones/47/rotation = Quaternion(0.62005174, 0.021916913, -0.16095, 0.7675614)
bones/48/rotation = Quaternion(-0.4897084, -0.27428508, 0.608235, 0.5612519)
bones/49/rotation = Quaternion(0.2598456, -0.77083236, 0.1413678, 0.5641923)
bones/50/rotation = Quaternion(-0.24137405, 0.74989957, -0.050470445, 0.6138746)
bones/51/rotation = Quaternion(-0.25674576, 0.789291, -0.06588405, 0.5538598)
bones/52/position = Vector3(0.04862538, 0.02608779, -0.11216623)
bones/52/rotation = Quaternion(0.017712405, 0.87510115, -0.44790643, 0.18238427)
bones/53/rotation = Quaternion(0.1044994, 0.39534247, -0.107125446, 0.90626067)

[node name="Head" type="BoneAttachment3D" parent="ape/Armature/Skeleton3D" index="1" unique_id=1092656707]
transform = Transform3D(0.9984052, -0.056065474, 0.006619677, -0.0014785379, -0.14318325, -0.98969424, 0.05643556, 0.98810655, -0.1430383, 0.05825208, 0.99306005, 0.41141313)
bone_name = "Head"
bone_idx = 13

[node name="Hand_R" type="BoneAttachment3D" parent="ape/Armature/Skeleton3D" index="2" unique_id=1106184745]
transform = Transform3D(0.9669843, -0.07077017, -0.24481136, -0.25074074, -0.092711106, -0.9636034, 0.045497656, 0.9931744, -0.10739587, -0.13604762, 0.7929089, 1.0030978)
bone_name = "Hand_R"
bone_idx = 29

[node name="HoldingSpaceRight" type="Marker3D" parent="ape/Armature/Skeleton3D/Hand_R" unique_id=1326193733]
transform = Transform3D(1.0000001, -7.450581e-09, 0, 7.450581e-09, 1.0000001, 0, 0, 2.9802322e-08, 1.0000001, -0.022767618, 0.06984773, 0.10899547)

[node name="Spine" type="BoneAttachment3D" parent="ape/Armature/Skeleton3D" index="3" unique_id=581318483]
transform = Transform3D(0.98712325, 0.076080956, -0.14071058, -0.1599561, 0.47682995, -0.864318, 0.0013368279, 0.8756967, 0.48285955, 0.03388863, 0.8506249, -0.12364948)
bone_name = "Spine"
bone_idx = 11

[node name="SpineLookAt" type="LookAtModifier3D" parent="ape/Armature/Skeleton3D" index="4" unique_id=360982078]
influence = 0.25
target_node = NodePath("../../../../LookPivot/LookAtMe")
bone_name = "Spine"
bone = 11
forward_axis = 2
primary_rotation_axis = 0
relative = true
use_angle_limitation = true
symmetry_limitation = true
primary_limit_angle = 0.87266463
primary_damp_threshold = 1.0
secondary_limit_angle = 0.87266463
secondary_damp_threshold = 1.0

[node name="NeckLookAt" type="LookAtModifier3D" parent="ape/Armature/Skeleton3D" index="5" unique_id=415999757]
influence = 0.25
target_node = NodePath("../../../../LookPivot/LookAtMe")
bone_name = "Neck"
bone = 12
forward_axis = 2
primary_rotation_axis = 0
relative = true
use_angle_limitation = true
symmetry_limitation = true
primary_limit_angle = 0.87266463
primary_damp_threshold = 1.0
secondary_limit_angle = 0.87266463
secondary_damp_threshold = 1.0

[node name="HeadLookAt" type="LookAtModifier3D" parent="ape/Armature/Skeleton3D" index="6" unique_id=1610885507]
influence = 0.5
target_node = NodePath("../../../../LookPivot/LookAtMe")
bone_name = "Head"
bone = 13
forward_axis = 2
primary_rotation_axis = 0
relative = true
use_angle_limitation = true
symmetry_limitation = true
primary_limit_angle = 0.87266463
primary_damp_threshold = 1.0
secondary_limit_angle = 0.87266463
secondary_damp_threshold = 1.0

[node name="ArmRightIK" type="JacobianIK3D" parent="ape/Armature/Skeleton3D" index="7" unique_id=504262015]
angular_delta_limit = 0.08726646259971647
setting_count = 1
settings/0/target_node = NodePath("../../../../LookPivot/RayCast3D/HandTargetRight")
settings/0/root_bone_name = "Shoulder_R"
settings/0/root_bone = 26
settings/0/end_bone_name = "Hand_R"
settings/0/end_bone = 29
settings/0/extend_end_bone = false
settings/0/joint_count = 4
settings/0/joints/0/rotation_axis = 3
settings/0/joints/0/limitation = SubResource("JointLimitationCone3D_vurlm")
settings/0/joints/0/limitation/right_axis = 2
settings/0/joints/0/limitation/rotation_offset = Quaternion(0.165, -1.095, -0.035, 1.31)
settings/0/joints/1/rotation_axis = 3
settings/0/joints/1/limitation = SubResource("JointLimitationCone3D_pb1wn")
settings/0/joints/1/limitation/right_axis = 0
settings/0/joints/1/limitation/rotation_offset = Quaternion(0, 0.48, -0.095, -0.41)
settings/0/joints/2/rotation_axis = 3
settings/0/joints/2/limitation = SubResource("JointLimitationCone3D_yop2s")
settings/0/joints/2/limitation/right_axis = 0
settings/0/joints/2/limitation/rotation_offset = Quaternion(-0.84, -0.105, -0.225, 0.95)
settings/0/joints/3/rotation_axis = 3
settings/0/joints/3/limitation = null

[node name="Ragdoll" type="PhysicalBoneSimulator3D" parent="ape/Armature/Skeleton3D" index="8" unique_id=589803041 node_paths=PackedStringArray("input", "state", "ape", "skeleton", "look_pivot")]
visible = false
influence = 0.0
script = ExtResource("3_n5wll")
input = NodePath("../../../../Input")
state = NodePath("../../../../PlayerState")
ape = NodePath("../../../..")
skeleton = NodePath("..")
look_pivot = NodePath("../../../../LookPivot")
get_up_speed = 2.5

[node name="Physical Bone Pelvis" type="PhysicalBone3D" parent="ape/Armature/Skeleton3D/Ragdoll" unique_id=406821728]
transform = Transform3D(0.996597, 0.08212528, 0.0070611094, -0.011772133, 0.22659308, -0.9739184, -0.081583306, 0.97052103, 0.22678876, 0.007749583, 0.77850425, -0.4325496)
collision_layer = 4
joint_type = 2
body_offset = Transform3D(1, 2.9802322e-08, -4.0978193e-08, -2.2351742e-08, 1, -1.4901161e-08, 4.0978193e-08, 0, 1.0000008, 0, 0, 0)
friction = 0.4
bounce = 0.2
bone_name = "Pelvis"
joint_constraints/swing_span = 9.999996
joint_constraints/twist_span = 180.0
joint_constraints/bias = 0.3
joint_constraints/softness = 0.8
joint_constraints/relaxation = 1.0

[node name="CollisionShape3D" type="CollisionShape3D" parent="ape/Armature/Skeleton3D/Ragdoll/Physical Bone Pelvis" unique_id=1414895023]
transform = Transform3D(1, 1.7763568e-15, -7.1054274e-15, 0, 0, 1, 0, -1, 0, -1.5464547e-08, 0.1585498, 0.107316256)
shape = SubResource("CapsuleShape3D_wppca")

[node name="Physical Bone Spine" type="PhysicalBone3D" parent="ape/Armature/Skeleton3D/Ragdoll" unique_id=1598314396]
transform = Transform3D(0.98712367, 0.07589992, -0.1408051, -0.15995155, 0.47684208, -0.8643131, 0.0015404994, 0.87570596, 0.48284242, 0.03388863, 0.8506249, -0.12364948)
collision_layer = 4
joint_type = 2
body_offset = Transform3D(1, -0.0001806306, -9.411469e-05, 0.00018055679, 1, -1.9878149e-05, 9.435165e-05, 1.9431114e-05, 1.0000008, 0, 0, 0)
friction = 0.4
bounce = 0.2
bone_name = "Spine"
joint_constraints/swing_span = 4.999998
joint_constraints/twist_span = 39.999985
joint_constraints/bias = 0.3
joint_constraints/softness = 0.01
joint_constraints/relaxation = 1.0

[node name="CollisionShape3D" type="CollisionShape3D" parent="ape/Armature/Skeleton3D/Ragdoll/Physical Bone Spine" unique_id=445052303]
transform = Transform3D(1, -5.8051013e-09, -6.5356427e-09, 8.688437e-09, 0.7423152, 0.6700509, 9.617911e-10, -0.670051, 0.74231505, -6.4028205e-10, 0.13475418, 0.14868477)
shape = SubResource("CapsuleShape3D_54pyi")

[node name="PushablePusher" type="Area3D" parent="ape/Armature/Skeleton3D/Ragdoll/Physical Bone Spine" unique_id=1087675309 node_paths=PackedStringArray("ape", "state", "ragdoll")]
transform = Transform3D(1, 2.506422e-07, -7.6170545e-07, 6.9034286e-07, 0.25881898, 0.96592563, 4.2369356e-07, -0.9659257, 0.25881916, -1.8626451e-07, -0.07860902, 0.65487623)
collision_layer = 0
collision_mask = 16
script = ExtResource("7_n5wll")
ape = NodePath("../../../../../..")
state = NodePath("../../../../../../PlayerState")
ragdoll = NodePath("../..")

[node name="CollisionShape3D" type="CollisionShape3D" parent="ape/Armature/Skeleton3D/Ragdoll/Physical Bone Spine/PushablePusher" unique_id=2006120402]
transform = Transform3D(1, 0, 0, 0, 1, 0, 0, 0, 1, 0, 0.5, 0)
shape = SubResource("CylinderShape3D_n5wll")

[node name="Physical Bone Neck" type="PhysicalBone3D" parent="ape/Armature/Skeleton3D/Ragdoll" unique_id=1219001923]
transform = Transform3D(0.98728377, -0.019228987, -0.15780053, -0.15876706, -0.16914, -0.97272027, -0.0079859495, 0.9854045, -0.17004211, 0.062309638, 1.0287508, 0.20347837)
collision_layer = 4
joint_type = 2
body_offset = Transform3D(1, -9.313226e-10, -1.4981488e-06, 9.9651515e-08, 1.0000005, -7.748604e-07, 1.7383136e-06, 1.3709068e-06, 1.0000008, 0, 0, 0)
friction = 0.4
bounce = 0.2
bone_name = "Neck"
joint_constraints/swing_span = 19.999992
joint_constraints/twist_span = 24.999996
joint_constraints/bias = 0.3
joint_constraints/softness = 0.8
joint_constraints/relaxation = 1.0

[node name="CollisionShape3D" type="CollisionShape3D" parent="ape/Armature/Skeleton3D/Ragdoll/Physical Bone Neck" unique_id=465597284]
transform = Transform3D(1, 0, 6.170012e-09, 5.5879354e-09, 1, 0, -4.0978193e-08, 0, 1.0000001, -7.450581e-09, 0.10449882, 0.0872857)
shape = SubResource("CapsuleShape3D_n5wll")

[node name="Physical Bone Head" type="PhysicalBone3D" parent="ape/Armature/Skeleton3D/Ragdoll" unique_id=1121487032]
transform = Transform3D(0.9984051, -0.056066897, 0.0066209505, -0.0014774149, -0.14318222, -0.98969525, 0.05643714, 0.988107, -0.14303668, 0.05825208, 0.99306005, 0.41141313)
collision_layer = 4
joint_type = 2
body_offset = Transform3D(0.99999994, -1.3932586e-06, 1.3653189e-06, 1.4081597e-06, 1.0000005, 1.66893e-06, -1.3383105e-06, -1.1026859e-06, 1.0000007, 0, 0, 0)
friction = 0.4
bounce = 0.2
bone_name = "Head"
joint_constraints/swing_span = 24.999996
joint_constraints/twist_span = 19.999992
joint_constraints/bias = 0.3
joint_constraints/softness = 0.8
joint_constraints/relaxation = 1.0

[node name="CollisionShape3D" type="CollisionShape3D" parent="ape/Armature/Skeleton3D/Ragdoll/Physical Bone Head" unique_id=600854772]
transform = Transform3D(0.99994695, -0.0021346174, -0.010077274, 0.00027098507, 0.98340607, -0.18141994, 0.010297311, 0.18140763, 0.9833542, -9.849668e-06, 0.15853629, 0.031226516)
shape = SubResource("CapsuleShape3D_pe46d")

[node name="Physical Bone Shoulder_L" type="PhysicalBone3D" parent="ape/Armature/Skeleton3D/Ragdoll" unique_id=1011885616]
transform = Transform3D(0.07814397, 0.9088942, 0.4096402, 0.31740648, -0.4121971, 0.85401803, 0.94506437, 0.063286096, -0.32069963, 0.062309638, 1.0287508, 0.20347837)
collision_layer = 4
joint_type = 2
joint_offset = Transform3D(0.9999979, 0, 0, 0, 0.99999756, 0, 0, 0, 0.99999845, 0, 0, 0)
body_offset = Transform3D(1.0000002, 3.46452e-07, 1.7881393e-06, -2.9057264e-07, 1.0000004, -6.2230974e-06, -1.6093254e-06, 5.600974e-06, 1.0000008, 0, 0, 0)
friction = 0.4
bounce = 0.2
bone_name = "Shoulder_L"
joint_constraints/swing_span = 9.999996
joint_constraints/twist_span = 4.999998
joint_constraints/bias = 0.3
joint_constraints/softness = 0.8
joint_constraints/relaxation = 1.0

[node name="CollisionShape3D" type="CollisionShape3D" parent="ape/Armature/Skeleton3D/Ragdoll/Physical Bone Shoulder_L" unique_id=1065188310]
transform = Transform3D(1.0000013, 6.482005e-07, 0, -9.313226e-10, 1.0000005, 6.519258e-09, 0, -1.9324943e-07, 1.0000004, 0.0056129694, 0.18636844, -0.07021457)
shape = SubResource("CapsuleShape3D_vurlm")

[node name="Physical Bone Arm_Upper_L" type="PhysicalBone3D" parent="ape/Armature/Skeleton3D/Ragdoll" unique_id=501162425]
transform = Transform3D(0.9873917, 0.12958749, -0.09091045, 0.1528367, -0.9299669, 0.33436877, -0.041213695, -0.3440474, -0.93804735, 0.2809942, 0.92957276, 0.2187057)
collision_layer = 4
joint_type = 2
body_offset = Transform3D(1.0000001, 3.002584e-06, 1.3709068e-06, -3.2922253e-06, 1.000001, -1.9669533e-06, -1.3299286e-06, 1.2814999e-06, 1.0000005, 0, 0, 0)
friction = 0.4
bounce = 0.2
bone_name = "Arm_Upper_L"
joint_constraints/swing_span = 45.0
joint_constraints/twist_span = 45.0
joint_constraints/bias = 0.3
joint_constraints/softness = 0.8
joint_constraints/relaxation = 1.0

[node name="CollisionShape3D" type="CollisionShape3D" parent="ape/Armature/Skeleton3D/Ragdoll/Physical Bone Arm_Upper_L" unique_id=1140243226]
transform = Transform3D(0.9999997, 1.4882535e-06, 1.9669533e-06, -3.259629e-08, 0.99999535, 1.3299286e-06, 1.7881393e-07, -3.091991e-07, 0.9999914, -0.014738202, 0.2557823, -0.013592303)
shape = SubResource("CapsuleShape3D_pb1wn")

[node name="Physical Bone Arm_Lower_L" type="PhysicalBone3D" parent="ape/Armature/Skeleton3D/Ragdoll" unique_id=1790107468]
transform = Transform3D(0.40443325, -0.2744143, -0.87242794, -0.83384436, -0.50248784, -0.228494, -0.3756824, 0.8198798, -0.43204167, 0.34459737, 0.47312322, 0.04983999)
collision_layer = 4
joint_type = 3
joint_offset = Transform3D(-4.3711143e-08, 0.70710254, 0.7071023, 0, 0.7071026, -0.70710224, -0.9999944, -3.0908435e-08, -3.0908424e-08, 0, 0, 0)
joint_rotation = Vector3(0.7853981, 1.5707964, 0)
body_offset = Transform3D(1.0000007, 1.6093254e-06, -1.1473894e-06, -7.1525574e-07, 1.0000004, 2.2351742e-06, 1.385808e-06, -2.2351742e-06, 1, 0, 0, 0)
friction = 0.4
bounce = 0.2
bone_name = "Arm_Lower_L"
joint_constraints/angular_limit_enabled = true
joint_constraints/angular_limit_upper = 45.0
joint_constraints/angular_limit_lower = -45.0
joint_constraints/angular_limit_bias = 0.3
joint_constraints/angular_limit_softness = 0.9
joint_constraints/angular_limit_relaxation = 1.0

[node name="CollisionShape3D" type="CollisionShape3D" parent="ape/Armature/Skeleton3D/Ragdoll/Physical Bone Arm_Lower_L" unique_id=271854951]
transform = Transform3D(0.9883681, 0.09372162, -0.11977059, -0.112443835, 0.9806004, -0.16057971, 0.10239717, 0.17217852, 0.9797324, 0.015596829, 0.21193166, -0.00060778856)
shape = SubResource("CapsuleShape3D_c5vop")

[node name="Physical Bone Hand_L" type="PhysicalBone3D" parent="ape/Armature/Skeleton3D/Ragdoll" unique_id=711070125]
transform = Transform3D(0.88460755, -0.27266967, -0.37831303, -0.06948001, -0.87925404, 0.47125888, -0.4611312, -0.39059398, -0.7967399, 0.24343625, 0.28788623, 0.35208058)
collision_layer = 4
joint_type = 3
joint_offset = Transform3D(0.9999998, 0, 0, 0, -4.3711385e-08, -0.99999976, 0, 0.99999994, -4.3711378e-08, 0, 0, 0)
joint_rotation = Vector3(1.5707964, 0, 0)
body_offset = Transform3D(1, 9.536743e-07, 4.3213367e-06, -8.791685e-07, 1.0000007, 1.5795231e-06, -4.3809414e-06, -2.4437904e-06, 1.0000005, 0, 0, 0)
friction = 0.4
bounce = 0.2
bone_name = "Hand_L"
joint_constraints/angular_limit_enabled = true
joint_constraints/angular_limit_upper = 45.0
joint_constraints/angular_limit_lower = -45.0
joint_constraints/angular_limit_bias = 0.3
joint_constraints/angular_limit_softness = 0.9
joint_constraints/angular_limit_relaxation = 1.0

[node name="CollisionShape3D" type="CollisionShape3D" parent="ape/Armature/Skeleton3D/Ragdoll/Physical Bone Hand_L" unique_id=33125335]
transform = Transform3D(0.9975691, 0.05082817, -0.047361463, -0.059808567, 0.9751774, -0.21315739, 0.035351828, 0.21547428, 0.97586364, 0.009724602, 0.1448313, 0.04437065)
shape = SubResource("CapsuleShape3D_yop2s")

[node name="Physical Bone Shoulder_R" type="PhysicalBone3D" parent="ape/Armature/Skeleton3D/Ragdoll" unique_id=1168480884]
transform = Transform3D(-0.25306994, -0.81782895, -0.5168284, -0.50530666, -0.34381953, 0.79148805, -0.82499737, 0.46145868, -0.32624403, 0.062309638, 1.0287508, 0.20347837)
collision_layer = 4
joint_type = 2
joint_offset = Transform3D(0.9999979, 0, 0, 0, 0.99999756, 0, 0, 0, 0.99999845, 0, 0, 0)
body_offset = Transform3D(1.0000001, -0.000106066465, 4.8428774e-05, 0.00010636449, 1.0000004, 7.2419643e-06, -4.887581e-05, -7.912517e-06, 1.0000008, 0, 0, 0)
friction = 0.4
bounce = 0.2
bone_name = "Shoulder_R"
joint_constraints/swing_span = 9.999996
joint_constraints/twist_span = 4.999998
joint_constraints/bias = 0.3
joint_constraints/softness = 0.8
joint_constraints/relaxation = 1.0

[node name="CollisionShape3D2" type="CollisionShape3D" parent="ape/Armature/Skeleton3D/Ragdoll/Physical Bone Shoulder_R" unique_id=610839031]
transform = Transform3D(1.0000013, 6.482005e-07, 0, -9.313226e-10, 1.0000005, 6.519258e-09, 0, -1.9324943e-07, 1.0000004, 0.0056129694, 0.18636844, -0.07021457)
shape = SubResource("CapsuleShape3D_vurlm")

[node name="Physical Bone Arm_Upper_R" type="PhysicalBone3D" parent="ape/Armature/Skeleton3D/Ragdoll" unique_id=1907136194]
transform = Transform3D(0.7205374, -0.3117111, -0.6194045, -0.66544056, -0.5620021, -0.49126625, -0.19497354, 0.7661526, -0.6123688, -0.13447212, 0.9460146, 0.31448624)
collision_layer = 4
joint_type = 2
body_offset = Transform3D(1.0000005, -0.00013656914, -9.3616545e-05, 0.00013746321, 1.0000005, 0.000592947, 9.393692e-05, -0.0005925894, 1, 0, 0, 0)
friction = 0.4
bounce = 0.2
bone_name = "Arm_Upper_R"
joint_constraints/swing_span = 45.0
joint_constraints/twist_span = 45.0
joint_constraints/bias = 0.3
joint_constraints/softness = 0.8
joint_constraints/relaxation = 1.0

[node name="CollisionShape3D2" type="CollisionShape3D" parent="ape/Armature/Skeleton3D/Ragdoll/Physical Bone Arm_Upper_R" unique_id=899928137]
transform = Transform3D(0.9999997, 1.4882535e-06, 1.9669533e-06, -3.259629e-08, 0.99999535, 1.3299286e-06, 1.7881393e-07, -3.091991e-07, 0.9999914, -0.014738202, 0.2557823, -0.013592303)
shape = SubResource("CapsuleShape3D_pb1wn")

[node name="Physical Bone Arm_Lower_R" type="PhysicalBone3D" parent="ape/Armature/Skeleton3D/Ragdoll" unique_id=1546893214]
transform = Transform3D(0.8272127, 0.4110673, 0.3830704, 0.2546496, 0.33345518, -0.9077231, -0.50087214, 0.8484288, 0.1711602, -0.2875989, 0.6699836, 0.6903403)
collision_layer = 4
joint_type = 3
joint_offset = Transform3D(-4.371105e-08, -0.7070998, 0.7070968, 0, 0.70709985, 0.70709676, -0.99999225, 3.0908314e-08, -3.0908183e-08, 0, 0, 0)
joint_rotation = Vector3(-0.7853981, 1.5707964, 0)
body_offset = Transform3D(1.0000005, -4.479289e-05, 4.031509e-05, 4.479289e-05, 1.0000002, 1.168251e-05, -4.1104853e-05, -1.1861324e-05, 1.0000011, 0, 0, 0)
friction = 0.4
bounce = 0.2
bone_name = "Arm_Lower_R"
joint_constraints/angular_limit_enabled = true
joint_constraints/angular_limit_upper = 45.0
joint_constraints/angular_limit_lower = -45.0
joint_constraints/angular_limit_bias = 0.3
joint_constraints/angular_limit_softness = 0.9
joint_constraints/angular_limit_relaxation = 1.0

[node name="CollisionShape3D2" type="CollisionShape3D" parent="ape/Armature/Skeleton3D/Ragdoll/Physical Bone Arm_Lower_R" unique_id=682743]
transform = Transform3D(0.9883681, 0.09372162, -0.11977059, -0.112443835, 0.9806004, -0.16057971, 0.10239717, 0.17217852, 0.9797324, 0.015596829, 0.21193166, -0.00060778856)
shape = SubResource("CapsuleShape3D_c5vop")

[node name="Physical Bone Hand_R" type="PhysicalBone3D" parent="ape/Armature/Skeleton3D/Ragdoll" unique_id=1685063262]
transform = Transform3D(0.9669769, -0.07080389, -0.24483165, -0.25076517, -0.09272124, -0.96359724, 0.045525335, 0.9931715, -0.10741445, -0.13604762, 0.7929089, 1.0030978)
collision_layer = 4
joint_type = 3
joint_offset = Transform3D(0.9999998, 0, 0, 0, -4.3711385e-08, -0.99999976, 0, 0.99999994, -4.3711378e-08, 0, 0, 0)
joint_rotation = Vector3(1.5707964, 0, 0)
body_offset = Transform3D(1.0000004, -3.0197203e-05, -2.2007152e-05, 3.0275434e-05, 1.0000006, -1.758337e-05, 2.2388063e-05, 1.8320978e-05, 1.0000011, 0, 0, 0)
friction = 0.4
bounce = 0.2
bone_name = "Hand_R"
joint_constraints/angular_limit_enabled = true
joint_constraints/angular_limit_upper = 45.0
joint_constraints/angular_limit_lower = -45.0
joint_constraints/angular_limit_bias = 0.3
joint_constraints/angular_limit_softness = 0.9
joint_constraints/angular_limit_relaxation = 1.0

[node name="CollisionShape3D2" type="CollisionShape3D" parent="ape/Armature/Skeleton3D/Ragdoll/Physical Bone Hand_R" unique_id=1149378107]
transform = Transform3D(0.9975691, 0.05082817, -0.047361463, -0.059808567, 0.9751774, -0.21315739, 0.035351828, 0.21547428, 0.97586364, 0.009724602, 0.1448313, 0.04437065)
shape = SubResource("CapsuleShape3D_yop2s")

[node name="Physical Bone Thigh_L" type="PhysicalBone3D" parent="ape/Armature/Skeleton3D/Ragdoll" unique_id=1559074622]
transform = Transform3D(0.8712589, -0.031014971, 0.48984286, 0.24385555, -0.8387613, -0.48684075, 0.42596063, 0.5436152, -0.7232151, 0.18905613, 0.7033922, -0.37177566)
collision_layer = 4
joint_type = 2
body_offset = Transform3D(1.0000002, -1.1920929e-07, -3.874302e-07, -1.4901161e-08, 1.0000008, 9.834766e-07, 4.172325e-07, -4.4703484e-07, 1.0000006, 0, 0, 0)
friction = 0.4
bounce = 0.2
bone_name = "Thigh_L"
joint_constraints/swing_span = 65.0
joint_constraints/twist_span = 19.999992
joint_constraints/bias = 0.3
joint_constraints/softness = 0.8
joint_constraints/relaxation = 1.0

[node name="CollisionShape3D" type="CollisionShape3D" parent="ape/Armature/Skeleton3D/Ragdoll/Physical Bone Thigh_L" unique_id=874920612]
transform = Transform3D(0.9937549, 0.102915734, 0.043105483, -0.10113806, 0.9940035, -0.041582793, -0.0471265, 0.036963552, 0.9982048, -0.029236495, 0.0947904, -0.028483108)
shape = SubResource("CapsuleShape3D_ah3bo")

[node name="Physical Bone Shin_L" type="PhysicalBone3D" parent="ape/Armature/Skeleton3D/Ragdoll" unique_id=35757324]
transform = Transform3D(0.91060597, 0.15416567, 0.38344473, 0.029559027, -0.94973737, 0.31164926, 0.4122174, -0.27245542, -0.8693934, 0.17749618, 0.3907642, -0.1691564)
collision_layer = 4
joint_type = 3
joint_offset = Transform3D(-4.37113e-08, 0, 0.999998, 0, 0.9999973, 0, -0.999998, 0, -4.37113e-08, 0, 0, 0)
joint_rotation = Vector3(0, 1.5707964, 0)
body_offset = Transform3D(1.0000004, 2.3841858e-07, 5.9604645e-08, 0, 1.0000008, -4.0233135e-07, 0, 0, 1.0000005, 0, 0, 0)
friction = 0.4
bounce = 0.2
bone_name = "Shin_L"
joint_constraints/angular_limit_enabled = true
joint_constraints/angular_limit_upper = 45.0
joint_constraints/angular_limit_lower = -45.0
joint_constraints/angular_limit_bias = 0.3
joint_constraints/angular_limit_softness = 0.9
joint_constraints/angular_limit_relaxation = 1.0

[node name="CollisionShape3D" type="CollisionShape3D" parent="ape/Armature/Skeleton3D/Ragdoll/Physical Bone Shin_L" unique_id=1547755645]
transform = Transform3D(0.9825408, -0.16863364, 0.07860506, 0.13825935, 0.9444851, 0.29804406, -0.124500416, -0.28197423, 0.9513161, -0.0066652, 0.11516102, -0.006066084)
shape = SubResource("CapsuleShape3D_cg0of")

[node name="Physical Bone Foot_L" type="PhysicalBone3D" parent="ape/Armature/Skeleton3D/Ragdoll" unique_id=832323799]
transform = Transform3D(0.13822632, 0.01271809, 0.990319, 0.97541344, -0.17504287, -0.13389786, 0.17164536, 0.9844787, -0.036600925, 0.22849475, 0.07658696, -0.25928584)
collision_layer = 4
joint_type = 3
joint_offset = Transform3D(0.9999998, 0, 0, 0, -4.3711385e-08, -0.99999976, 0, 0.99999994, -4.3711378e-08, 0, 0, 0)
joint_rotation = Vector3(1.5707964, 0, 0)
body_offset = Transform3D(1.0000007, -4.0233135e-07, -2.6263297e-07, 0, 1.0000004, -1.4156103e-07, 0, 2.9802322e-08, 1.0000002, 0, 0, 0)
friction = 0.4
bounce = 0.2
bone_name = "Foot_L"
joint_constraints/angular_limit_enabled = true
joint_constraints/angular_limit_upper = 45.0
joint_constraints/angular_limit_lower = -45.0
joint_constraints/angular_limit_bias = 0.3
joint_constraints/angular_limit_softness = 0.9
joint_constraints/angular_limit_relaxation = 1.0

[node name="CollisionShape3D" type="CollisionShape3D" parent="ape/Armature/Skeleton3D/Ragdoll/Physical Bone Foot_L" unique_id=1072678156]
transform = Transform3D(0.9714068, 0.21798852, 0.09407331, -0.23672777, 0.9195532, 0.31365898, -0.018131346, -0.32696027, 0.94486415, 0.02177582, 0.15250975, -0.09440869)
shape = SubResource("CapsuleShape3D_6yin8")

[node name="Physical Bone Thigh_R" type="PhysicalBone3D" parent="ape/Armature/Skeleton3D/Ragdoll" unique_id=1470890017]
transform = Transform3D(0.9895025, 0.035247836, -0.14015134, 0.035445347, -0.999371, -0.0010874484, -0.14010152, -0.0038916797, -0.9901295, -0.16297314, 0.70755047, -0.34295785)
collision_layer = 4
joint_type = 2
body_offset = Transform3D(1.0000001, -2.7287751e-07, 3.7252903e-07, 1.3428507e-07, 1.000001, -8.4750354e-08, -3.874302e-07, -2.6193447e-07, 1.0000004, 0, 0, 0)
friction = 0.4
bounce = 0.2
bone_name = "Thigh_R"
joint_constraints/swing_span = 65.0
joint_constraints/twist_span = 19.999992
joint_constraints/bias = 0.3
joint_constraints/softness = 0.8
joint_constraints/relaxation = 1.0

[node name="CollisionShape3D2" type="CollisionShape3D" parent="ape/Armature/Skeleton3D/Ragdoll/Physical Bone Thigh_R" unique_id=2027000934]
transform = Transform3D(0.9937549, 0.102915734, 0.043105483, -0.10113806, 0.9940035, -0.041582793, -0.0471265, 0.036963552, 0.9982048, -0.029236495, 0.0947904, -0.028483108)
shape = SubResource("CapsuleShape3D_ah3bo")

[node name="Physical Bone Shin_R" type="PhysicalBone3D" parent="ape/Armature/Skeleton3D/Ragdoll" unique_id=885834896]
transform = Transform3D(0.96222395, 0.1452813, -0.23025745, 0.253589, -0.17045528, 0.9521752, 0.09908464, -0.97459656, -0.20085788, -0.14983527, 0.3350592, -0.3444085)
collision_layer = 4
joint_type = 3
joint_offset = Transform3D(-4.37113e-08, 0, 0.999998, 0, 0.9999973, 0, -0.999998, 0, -4.37113e-08, 0, 0, 0)
joint_rotation = Vector3(0, 1.5707964, 0)
body_offset = Transform3D(1.0000001, -2.30968e-07, 3.427267e-07, 9.685755e-08, 1.0000004, 1.3411045e-07, 5.401671e-08, 7.4505806e-08, 1.000001, 0, 0, 0)
friction = 0.4
bounce = 0.2
bone_name = "Shin_R"
joint_constraints/angular_limit_enabled = true
joint_constraints/angular_limit_upper = 45.0
joint_constraints/angular_limit_lower = -45.0
joint_constraints/angular_limit_bias = 0.3
joint_constraints/angular_limit_softness = 0.9
joint_constraints/angular_limit_relaxation = 1.0

[node name="CollisionShape3D2" type="CollisionShape3D" parent="ape/Armature/Skeleton3D/Ragdoll/Physical Bone Shin_R" unique_id=239206183]
transform = Transform3D(0.9825408, -0.16863364, 0.07860506, 0.13825935, 0.9444851, 0.29804406, -0.124500416, -0.28197423, 0.9513161, -0.0066652, 0.11516102, -0.006066084)
shape = SubResource("CapsuleShape3D_cg0of")

[node name="Physical Bone Foot_R" type="PhysicalBone3D" parent="ape/Armature/Skeleton3D/Ragdoll" unique_id=1141547200]
transform = Transform3D(0.3099875, -0.2269565, -0.92325425, -0.4084301, -0.9087058, 0.08624759, -0.858541, 0.35034916, -0.3743833, -0.10177545, 0.27867177, -0.66680944)
collision_layer = 4
joint_type = 3
joint_offset = Transform3D(0.9999998, 0, 0, 0, -4.3711385e-08, -0.99999976, 0, 0.99999994, -4.3711378e-08, 0, 0, 0)
joint_rotation = Vector3(1.5707964, 0, 0)
body_offset = Transform3D(1.0000004, 3.5762787e-07, -2.9802322e-07, 0, 1.0000011, -2.3841858e-07, 4.4703484e-07, -1.1920929e-07, 1.0000002, 0, 0, 0)
friction = 0.4
bounce = 0.2
bone_name = "Foot_R"
joint_constraints/angular_limit_enabled = true
joint_constraints/angular_limit_upper = 45.0
joint_constraints/angular_limit_lower = -45.0
joint_constraints/angular_limit_bias = 0.3
joint_constraints/angular_limit_softness = 0.9
joint_constraints/angular_limit_relaxation = 1.0

[node name="CollisionShape3D" type="CollisionShape3D" parent="ape/Armature/Skeleton3D/Ragdoll/Physical Bone Foot_R" unique_id=1514480284]
transform = Transform3D(0.97139657, 0.21797714, 0.094069995, -0.2367253, 0.919505, 0.313648, -0.018131133, -0.32694316, 0.9448309, 0.02177582, 0.15250975, -0.09440869)
shape = SubResource("CapsuleShape3D_6yin8")

[node name="LookPivot" type="Node3D" parent="." unique_id=1002062123 node_paths=PackedStringArray("input", "ragdoll", "attach_bone")]
transform = Transform3D(1, 0, 0, 0, 1.0000006, 0, 0, 0, 0.9999994, 0, 1.234893, 0)
top_level = true
script = ExtResource("3_54pyi")
input = NodePath("../Input")
ragdoll = NodePath("../ape/Armature/Skeleton3D/Ragdoll")
attach_bone = NodePath("../ape/Armature/Skeleton3D/Head")

[node name="Camera3D" type="Camera3D" parent="LookPivot" unique_id=284677569]
transform = Transform3D(1, 0, 0, 0, 0.9818363, 0.18972951, 0, -0.18972951, 0.9818363, 0, 0.775, 2.234)

[node name="LookAtMe" type="Marker3D" parent="LookPivot" unique_id=1233610402]
transform = Transform3D(1, 0, 0, 0, 1, 0, 0, 0, 1, -1.5263352e-07, -0.42456383, -1.8365661)

[node name="RayCast3D" type="RayCast3D" parent="LookPivot" unique_id=639199195 node_paths=PackedStringArray("target_child")]
transform = Transform3D(1, 1.8626451e-09, -1.7345883e-08, 2.328305e-09, 0.9999994, 5.960461e-08, -5.8207696e-09, 0, 1.0000011, 0.07655547, -0.40081245, -0.19592948)
target_position = Vector3(0, 0, -1.605)
collision_mask = 16
debug_shape_custom_color = Color(1, 0.3447545, 0.55754477, 1)
debug_shape_thickness = 5
script = ExtResource("3_vurlm")
target_child = NodePath("HandTargetRight")

[node name="HandTargetRight" type="Marker3D" parent="LookPivot/RayCast3D" unique_id=579295694]
transform = Transform3D(-0.9984052, 0.056065384, -0.0066196606, -0.0014785336, -0.14318323, -0.98969424, -0.056435462, -0.9881063, 0.14303826, 0, 0, -0.930159)

[node name="Input" type="Node" parent="." unique_id=1747756723]
script = ExtResource("3_g8e4n")
mouse_sensitivity = 0.004

[node name="PlayerState" type="Node" parent="." unique_id=470263508]
script = ExtResource("6_n5wll")

[node name="MultiplayerSynchronizer" type="MultiplayerSynchronizer" parent="." unique_id=443644968]
replication_config = SubResource("SceneReplicationConfig_wppca")

[node name="Grabbo" type="Node" parent="." unique_id=5840447 node_paths=PackedStringArray("head", "holding_space_right", "ik_right", "raycast", "input", "ape", "hitbox")]
script = ExtResource("8_pe46d")
head = NodePath("../ape/Armature/Skeleton3D/Head")
holding_space_right = NodePath("../ape/Armature/Skeleton3D/Hand_R/HoldingSpaceRight")
ik_right = NodePath("../ape/Armature/Skeleton3D/ArmRightIK")
raycast = NodePath("../LookPivot/RayCast3D")
input = NodePath("../Input")
ape = NodePath("..")
hitbox = NodePath("../ape/Armature/Skeleton3D/Ragdoll/Physical Bone Spine/PushablePusher")

[connection signal="body_entered" from="ape/Armature/Skeleton3D/Ragdoll/Physical Bone Spine/PushablePusher" to="ape/Armature/Skeleton3D/Ragdoll/Physical Bone Spine/PushablePusher" method="_on_body_entered"]

[editable path="ape"]
