[gd_scene format=3 uid="uid://k3y73rql2u6e"]

[ext_resource type="Script" uid="uid://lgmqlkuewowp" path="res://ape/scripts/ape_body.gd" id="1_tksy4"]
[ext_resource type="PackedScene" uid="uid://3hwk02h2rtte" path="res://ape/visuals/ape.blend" id="2_wppca"]
[ext_resource type="Script" uid="uid://c5ogdg5hcnibf" path="res://ape/scripts/camera_pivot.gd" id="3_54pyi"]
[ext_resource type="Script" uid="uid://cx8kgedu08ol2" path="res://randomize_color.gd" id="3_c5vop"]
[ext_resource type="Script" uid="uid://dr0wqty80sjn7" path="res://ape/scripts/ape_input.gd" id="3_g8e4n"]
[ext_resource type="Script" uid="uid://bb6okqe1l22n5" path="res://ape/scripts/ragdoll.gd" id="3_n5wll"]
[ext_resource type="Script" uid="uid://4p57jdyc06ob" path="res://ape/scripts/hand_ray_cast.gd" id="3_vurlm"]
[ext_resource type="Script" uid="uid://dnm8oseo2h6ro" path="res://ape/scripts/player_state.gd" id="6_n5wll"]
[ext_resource type="Script" uid="uid://qqt81cqdd6n8" path="res://ape/scripts/rigid_body_hitbox.gd" id="7_n5wll"]
[ext_resource type="Script" uid="uid://trfwgwd6pb83" path="res://ape/scripts/grabbo.gd" id="8_pe46d"]
[ext_resource type="Script" uid="uid://c5gwdr6pcl066" path="res://ape/scripts/authority_manager.gd" id="10_pb1wn"]

[sub_resource type="CapsuleShape3D" id="CapsuleShape3D_t2650"]
height = 1.0

[sub_resource type="SceneReplicationConfig" id="SceneReplicationConfig_c5vop"]
properties/0/path = NodePath(".:instance_shader_parameters/black_color")
properties/0/spawn = true
properties/0/replication_mode = 1
properties/1/path = NodePath(".:instance_shader_parameters/red_color")
properties/1/spawn = true
properties/1/replication_mode = 1

[sub_resource type="CapsuleShape3D" id="CapsuleShape3D_wppca"]
radius = 0.24804688
height = 0.49609375

[sub_resource type="SceneReplicationConfig" id="SceneReplicationConfig_pb1wn"]
properties/0/path = NodePath(".:global_transform")
properties/0/spawn = true
properties/0/replication_mode = 1
properties/1/path = NodePath(".:linear_velocity")
properties/1/spawn = true
properties/1/replication_mode = 1
properties/2/path = NodePath(".:angular_velocity")
properties/2/spawn = true
properties/2/replication_mode = 1

[sub_resource type="CapsuleShape3D" id="CapsuleShape3D_54pyi"]
radius = 0.2758789
height = 0.7727051

[sub_resource type="CylinderShape3D" id="CylinderShape3D_n5wll"]
height = 1.0
radius = 0.65

[sub_resource type="CapsuleShape3D" id="CapsuleShape3D_n5wll"]
radius = 0.17919922
height = 0.44213867

[sub_resource type="CapsuleShape3D" id="CapsuleShape3D_pe46d"]
radius = 0.1875
height = 0.44909668

[sub_resource type="CapsuleShape3D" id="CapsuleShape3D_vurlm"]
radius = 0.18408203
height = 0.41308594

[sub_resource type="CapsuleShape3D" id="CapsuleShape3D_pb1wn"]
radius = 0.12597656
height = 0.508448

[sub_resource type="CapsuleShape3D" id="CapsuleShape3D_c5vop"]
radius = 0.08935547
height = 0.4451279

[sub_resource type="CapsuleShape3D" id="CapsuleShape3D_yop2s"]
radius = 0.079589844
height = 0.33251953

[sub_resource type="CapsuleShape3D" id="CapsuleShape3D_ah3bo"]
radius = 0.123046875
height = 0.5633161

[sub_resource type="CapsuleShape3D" id="CapsuleShape3D_cg0of"]
radius = 0.08886719
height = 0.38058397

[sub_resource type="CapsuleShape3D" id="CapsuleShape3D_6yin8"]
radius = 0.080078125
height = 0.35131836

[sub_resource type="SceneReplicationConfig" id="SceneReplicationConfig_wppca"]
properties/0/path = NodePath(".:transform")
properties/0/spawn = true
properties/0/replication_mode = 1
properties/1/path = NodePath(".:velocity")
properties/1/spawn = true
properties/1/replication_mode = 1
properties/2/path = NodePath("ape:transform")
properties/2/spawn = true
properties/2/replication_mode = 1
properties/3/path = NodePath("PlayerState:current_state")
properties/3/spawn = true
properties/3/replication_mode = 1
properties/4/path = NodePath("LookPivot:rotation")
properties/4/spawn = true
properties/4/replication_mode = 1
properties/5/path = NodePath("ape/Armature/Skeleton3D/ArmRightIK:influence")
properties/5/spawn = true
properties/5/replication_mode = 1
properties/6/path = NodePath("HangJointRight:transform")
properties/6/spawn = true
properties/6/replication_mode = 1
properties/7/path = NodePath("HangJointRight:node_a")
properties/7/spawn = true
properties/7/replication_mode = 1
properties/8/path = NodePath("HangJointRight:node_b")
properties/8/spawn = true
properties/8/replication_mode = 1
properties/9/path = NodePath("HangJointLeft:transform")
properties/9/spawn = true
properties/9/replication_mode = 1
properties/10/path = NodePath("HangJointLeft:node_a")
properties/10/spawn = true
properties/10/replication_mode = 1
properties/11/path = NodePath("HangJointLeft:node_b")
properties/11/spawn = true
properties/11/replication_mode = 1
properties/12/path = NodePath("ape/Armature/Skeleton3D/ArmLeftIK:influence")
properties/12/spawn = true
properties/12/replication_mode = 1
properties/13/path = NodePath("ape/Armature/Skeleton3D/Ragdoll:influence")
properties/13/spawn = true
properties/13/replication_mode = 1

[node name="Player" type="CharacterBody3D" unique_id=1802699836 node_paths=PackedStringArray("input", "camera", "look", "model", "state")]
collision_layer = 2
collision_mask = 3
floor_max_angle = 0.9599311
script = ExtResource("1_tksy4")
jump_boost = 0.5
ground_rotation_speed = 5.0
input = NodePath("Input")
camera = NodePath("LookPivot/Camera3D")
look = NodePath("LookPivot")
model = NodePath("ape")
state = NodePath("PlayerState")

[node name="CollisionShape3D" type="CollisionShape3D" parent="." unique_id=971283472]
transform = Transform3D(1, 0, 0, 0, 1, 0, 0, 0, 1, 0, 0.5, 0)
shape = SubResource("CapsuleShape3D_t2650")

[node name="ape" parent="." unique_id=1644704873 instance=ExtResource("2_wppca")]
transform = Transform3D(-1, 0, -8.742278e-08, 0, 1, 0, 8.742278e-08, 0, -1, 0, 0, 0)

[node name="Skeleton3D" parent="ape/Armature" parent_id_path=PackedInt32Array(1644704873, 744703377) index="0" unique_id=1728891948]
bones/1/position = Vector3(4.4266514e-14, 2.1369126, 0.9423554)
bones/2/position = Vector3(-0.3958364, 0.20433521, 0.34159356)
bones/2/rotation = Quaternion(4.3697188e-08, -0.02548535, 0.9996752, -1.1139992e-09)
bones/3/position = Vector3(-0.25345954, 0.55766934, 0.34141377)
bones/3/rotation = Quaternion(-0.08604673, 0.5480936, -0.7980386, 0.23521003)
bones/4/position = Vector3(0.11808643, 0.2310265, 0.35293803)
bones/5/position = Vector3(-0.22849473, -0.10654661, 0.07658706)
bones/5/rotation = Quaternion(-0.052898332, -0.7510996, 0.07044441, 0.65428483)
bones/6/position = Vector3(0.37244037, 0.085712254, 0.33623546)
bones/6/rotation = Quaternion(4.3697188e-08, -0.02548535, 0.9996752, -1.1139992e-09)
bones/7/position = Vector3(0.1091491, 0.49794662, 0.17173578)
bones/7/rotation = Quaternion(0.096066155, 0.63112366, -0.76817524, -0.048591048)
bones/8/position = Vector3(-0.15520594, 0.38359785, 0.24431606)
bones/9/position = Vector3(0.10177541, -0.51407015, 0.27867198)
bones/9/rotation = Quaternion(-0.25170216, 0.6273138, -0.51134276, 0.5307091)
bones/10/position = Vector3(0.007749583, 0.77850425, -0.4325496)
bones/10/rotation = Quaternion(0.6211311, 0.028316556, -0.029994538, 0.7826205)
bones/11/rotation = Quaternion(-0.18676253, -0.08454294, 0.0053483224, 0.97874594)
bones/12/rotation = Quaternion(0.3362993, 0.0025887368, -0.008338329, 0.94171476)
bones/13/rotation = Quaternion(-0.0028441697, 0.08330521, 0.026495788, 0.9961677)
bones/16/rotation = Quaternion(0.7159343, 0.68026197, 0.1530632, 0.03540579)
bones/17/rotation = Quaternion(-0.12065831, -0.45920447, 0.49575394, 0.72718704)
bones/18/rotation = Quaternion(-0.42706186, -0.33693147, 0.49273488, 0.6791964)
bones/19/rotation = Quaternion(0.45440686, 0.10107059, -0.44194502, 0.7668011)
bones/20/position = Vector3(0.026249489, 0.16285844, -0.0007786351)
bones/20/rotation = Quaternion(0.4958707, 0.0440436, -0.076754846, 0.8638756)
bones/21/rotation = Quaternion(0.39341804, -0.012528774, -0.0061653885, 0.9192536)
bones/22/rotation = Quaternion(0.42003313, -0.21235803, 0.0320864, 0.88172936)
bones/23/rotation = Quaternion(-0.18646841, 0.15164627, -0.14008473, 0.9605255)
bones/24/position = Vector3(-0.03673767, 0.16260624, 0.0165346)
bones/24/rotation = Quaternion(0.5323392, 0.0275476, 0.014824008, 0.8459529)
bones/25/rotation = Quaternion(0.4982459, -0.017846882, -0.1407944, 0.8553418)
bones/26/rotation = Quaternion(0.7322423, -0.63683194, -0.15059525, 0.1886466)
bones/27/rotation = Quaternion(-0.19934967, 0.36497983, -0.5369069, 0.7340167)
bones/28/rotation = Quaternion(-0.17710096, 0.42784253, -0.2043353, 0.8624577)
bones/29/rotation = Quaternion(0.20501006, -0.2769436, 0.25819904, 0.90255547)
bones/30/position = Vector3(-0.026424307, 0.16231267, -0.000104911625)
bones/30/rotation = Quaternion(0.6195826, -0.021643396, 0.10451478, 0.77764106)
bones/31/rotation = Quaternion(0.55086994, 0.0134265805, 0.0038351566, 0.8344743)
bones/32/rotation = Quaternion(0.27912983, 0.34243494, -0.005704662, 0.8971022)
bones/33/rotation = Quaternion(-0.04480766, -0.12966327, 0.16064791, 0.97743136)
bones/34/position = Vector3(0.036746252, 0.16228178, 0.016494632)
bones/34/rotation = Quaternion(0.65257186, -0.006682465, 0.011797728, 0.7576056)
bones/35/rotation = Quaternion(0.49824584, 0.017846864, 0.14079437, 0.8553418)
bones/37/rotation = Quaternion(-0.45495534, -0.4635025, 0.27012357, 0.7107844)
bones/38/rotation = Quaternion(0.40853256, -0.025875397, 0.1060449, 0.9061932)
bones/39/rotation = Quaternion(-0.4887878, 0.27599728, -0.5577608, 0.6114041)
bones/40/rotation = Quaternion(0.2621561, 0.77024645, -0.14452626, 0.5631224)
bones/41/rotation = Quaternion(-0.23672438, -0.75138026, 0.04666702, 0.61417544)
bones/42/rotation = Quaternion(-0.25185183, -0.79086626, 0.06245206, 0.5542572)
bones/43/position = Vector3(-0.0486147, 0.026005045, -0.1120893)
bones/43/rotation = Quaternion(-0.013775889, 0.8746482, -0.44959348, -0.1807386)
bones/44/rotation = Quaternion(0.1074069, -0.395415, 0.10642396, 0.9059717)
bones/45/rotation = Quaternion(-0.59645635, 0.7544515, 0.07665098, -0.26299742)
bones/46/rotation = Quaternion(-0.19345073, 0.5064319, -0.55271673, 0.63293594)
bones/47/rotation = Quaternion(0.62005174, 0.021916913, -0.16095, 0.7675614)
bones/48/rotation = Quaternion(-0.4897084, -0.27428508, 0.608235, 0.5612519)
bones/49/rotation = Quaternion(0.2598456, -0.77083236, 0.1413678, 0.5641923)
bones/50/rotation = Quaternion(-0.24137405, 0.74989957, -0.050470445, 0.6138746)
bones/51/rotation = Quaternion(-0.25674576, 0.789291, -0.06588405, 0.5538598)
bones/52/position = Vector3(0.04862538, 0.02608779, -0.11216623)
bones/52/rotation = Quaternion(0.017712405, 0.87510115, -0.44790643, 0.18238427)
bones/53/rotation = Quaternion(0.1044994, 0.39534247, -0.107125446, 0.90626067)

[node name="Ape" parent="ape/Armature/Skeleton3D" index="0" unique_id=647221493]
instance_shader_parameters/black_color = Color(0.07, 0.056280002, 0.0406, 1)
instance_shader_parameters/red_color = Color(0.3458354, 0.27630895, 0.23086545, 1)
script = ExtResource("3_c5vop")
black_val = Vector2(-0.1, 0.1)

[node name="ColorSynchronizer" type="MultiplayerSynchronizer" parent="ape/Armature/Skeleton3D/Ape" index="0" unique_id=1049499879]
replication_config = SubResource("SceneReplicationConfig_c5vop")

[node name="Head" type="BoneAttachment3D" parent="ape/Armature/Skeleton3D" index="1" unique_id=1092656707]
transform = Transform3D(0.9983126, -0.05723499, 0.009787932, 0.0009365529, -0.15267262, -0.9882755, 0.05805835, 0.9866177, -0.1523619, 0.054356847, 0.9695649, 0.41861737)
bone_name = "Head"
bone_idx = 13

[node name="Hand_R" type="BoneAttachment3D" parent="ape/Armature/Skeleton3D" index="2" unique_id=1106184745]
transform = Transform3D(0.6997058, -0.44704178, -0.5572834, -0.63399005, -0.028943479, -0.77279794, 0.32934338, 0.8940442, -0.30367276, -0.07358239, 0.97621953, 1.2194059)
bone_name = "Hand_R"
bone_idx = 29

[node name="HoldingSpaceRight" type="Marker3D" parent="ape/Armature/Skeleton3D/Hand_R" unique_id=1326193733]
transform = Transform3D(1.0000001, -7.450581e-09, 0, 7.450581e-09, 1.0000001, 0, 0, 2.9802322e-08, 1.0000001, -0.022767618, 0.06984773, 0.10899547)

[node name="Hand_L" type="BoneAttachment3D" parent="ape/Armature/Skeleton3D" index="3" unique_id=1390141475]
transform = Transform3D(0.8663312, 0.4731738, -0.15992577, 0.22663379, -0.6577327, -0.71834713, -0.44509178, 0.5860821, -0.6770526, 0.07656981, 0.9766718, 1.2227719)
bone_name = "Hand_L"
bone_idx = 19

[node name="HoldingSpaceLeft" type="Marker3D" parent="ape/Armature/Skeleton3D/Hand_L" unique_id=793477630]
transform = Transform3D(1.0000001, -7.450581e-09, 0, 7.450581e-09, 1.0000001, 0, 0, 2.9802322e-08, 1.0000001, -0.022767618, 0.06984773, 0.10899547)

[node name="Spine" type="BoneAttachment3D" parent="ape/Armature/Skeleton3D" index="4" unique_id=581318483]
transform = Transform3D(0.9875199, 0.06830945, -0.14190948, -0.15749192, 0.43321884, -0.88742095, 0.0008585714, 0.89869636, 0.43857038, 0.03388863, 0.8506249, -0.12364948)
bone_name = "Spine"
bone_idx = 11

[node name="RayCast3DRight" type="RayCast3D" parent="ape/Armature/Skeleton3D/Spine" unique_id=639199195 node_paths=PackedStringArray("target_child", "ignore_these")]
transform = Transform3D(-0.98752004, -0.15749215, -0.0008585282, -0.068309516, 0.43321922, -0.89869696, 0.14190944, -0.88742244, -0.43857116, -0.2635345, 0.2923331, 0.13016474)
target_position = Vector3(0, 0, -1.605)
collision_mask = 19
debug_shape_custom_color = Color(1, 0.3447545, 0.55754477, 1)
debug_shape_thickness = 5
script = ExtResource("3_vurlm")
target_child = NodePath("../../../../../LookPivot/HandTargetRight")
ignore_these = [NodePath("../../../../.."), NodePath("../../Ragdoll/Physical Bone Pelvis"), NodePath("../../Ragdoll/Physical Bone Spine"), NodePath("../../Ragdoll/Physical Bone Neck"), NodePath("../../Ragdoll/Physical Bone Head"), NodePath("../../Ragdoll/Physical Bone Shoulder_L"), NodePath("../../Ragdoll/Physical Bone Arm_Upper_L"), NodePath("../../Ragdoll/Physical Bone Arm_Lower_L"), NodePath("../../Ragdoll/Physical Bone Hand_L"), NodePath("../../Ragdoll/Physical Bone Shoulder_R"), NodePath("../../Ragdoll/Physical Bone Arm_Upper_R"), NodePath("../../Ragdoll/Physical Bone Arm_Lower_R"), NodePath("../../Ragdoll/Physical Bone Hand_R"), NodePath("../../Ragdoll/Physical Bone Thigh_L"), NodePath("../../Ragdoll/Physical Bone Shin_L"), NodePath("../../Ragdoll/Physical Bone Foot_L"), NodePath("../../Ragdoll/Physical Bone Thigh_R"), NodePath("../../Ragdoll/Physical Bone Shin_R"), NodePath("../../Ragdoll/Physical Bone Foot_R")]

[node name="RayCast3DLeft" type="RayCast3D" parent="ape/Armature/Skeleton3D/Spine" unique_id=1406225533 node_paths=PackedStringArray("target_child", "ignore_these")]
transform = Transform3D(-0.98752004, -0.15749215, -0.0008585282, -0.068309516, 0.43321922, -0.89869696, 0.14190944, -0.88742244, -0.43857116, -0.2635345, 0.2923331, 0.13016474)
target_position = Vector3(0, 0, -1.605)
collision_mask = 19
debug_shape_custom_color = Color(1, 0.3447545, 0.55754477, 1)
debug_shape_thickness = 5
script = ExtResource("3_vurlm")
target_child = NodePath("../../../../../LookPivot/HandTargetLeft")
ignore_these = [NodePath("../../../../.."), NodePath("../../Ragdoll/Physical Bone Pelvis"), NodePath("../../Ragdoll/Physical Bone Spine"), NodePath("../../Ragdoll/Physical Bone Neck"), NodePath("../../Ragdoll/Physical Bone Head"), NodePath("../../Ragdoll/Physical Bone Shoulder_L"), NodePath("../../Ragdoll/Physical Bone Arm_Upper_L"), NodePath("../../Ragdoll/Physical Bone Arm_Lower_L"), NodePath("../../Ragdoll/Physical Bone Hand_L"), NodePath("../../Ragdoll/Physical Bone Shoulder_R"), NodePath("../../Ragdoll/Physical Bone Arm_Upper_R"), NodePath("../../Ragdoll/Physical Bone Arm_Lower_R"), NodePath("../../Ragdoll/Physical Bone Hand_R"), NodePath("../../Ragdoll/Physical Bone Thigh_L"), NodePath("../../Ragdoll/Physical Bone Shin_L"), NodePath("../../Ragdoll/Physical Bone Foot_L"), NodePath("../../Ragdoll/Physical Bone Thigh_R"), NodePath("../../Ragdoll/Physical Bone Shin_R"), NodePath("../../Ragdoll/Physical Bone Foot_R")]

[node name="SpineLookAt" type="LookAtModifier3D" parent="ape/Armature/Skeleton3D" index="5" unique_id=360982078]
transform = Transform3D(0.9999139, 0, 0.013124499, 0, 1, 0, -0.013124499, 0, 0.9999139, 0, 0, 0)
influence = 0.25
target_node = NodePath("../../../../LookPivot/LookAtMe")
bone_name = "Spine"
bone = 11
forward_axis = 2
primary_rotation_axis = 2
relative = true
duration = 0.15
transition_type = 1
ease_type = 2

[node name="NeckLookAt" type="LookAtModifier3D" parent="ape/Armature/Skeleton3D" index="6" unique_id=415999757]
influence = 0.25
target_node = NodePath("../../../../LookPivot/LookAtMe")
bone_name = "Neck"
bone = 12
forward_axis = 2
primary_rotation_axis = 0
relative = true
duration = 0.15
transition_type = 1
ease_type = 2

[node name="HeadLookAt" type="LookAtModifier3D" parent="ape/Armature/Skeleton3D" index="7" unique_id=1610885507]
influence = 0.5
target_node = NodePath("../../../../LookPivot/LookAtMe")
bone_name = "Head"
bone = 13
forward_axis = 2
primary_rotation_axis = 2
relative = true
duration = 0.15
transition_type = 1
ease_type = 2

[node name="Ragdoll" type="PhysicalBoneSimulator3D" parent="ape/Armature/Skeleton3D" index="8" unique_id=589803041 node_paths=PackedStringArray("input", "state", "ape", "skeleton", "look_pivot", "pelvis")]
influence = 0.0
script = ExtResource("3_n5wll")
swing_power = 2.5
get_up_speed = 2.5
input = NodePath("../../../../Input")
state = NodePath("../../../../PlayerState")
ape = NodePath("../../../..")
skeleton = NodePath("..")
look_pivot = NodePath("../../../../LookPivot")
pelvis = NodePath("Physical Bone Pelvis")

[node name="Physical Bone Pelvis" type="PhysicalBone3D" parent="ape/Armature/Skeleton3D/Ragdoll" unique_id=406821728]
transform = Transform3D(0.996597, 0.08212528, 0.0070611094, -0.011772133, 0.22659308, -0.9739184, -0.081583306, 0.97052103, 0.22678876, 0.007749583, 0.77850425, -0.4325496)
collision_layer = 4
joint_type = 2
body_offset = Transform3D(1, 2.9802322e-08, -4.0978193e-08, -2.2351742e-08, 1, -1.4901161e-08, 4.0978193e-08, 0, 1.0000008, 0, 0, 0)
friction = 0.4
bounce = 0.2
bone_name = "Pelvis"
joint_constraints/swing_span = 9.999996
joint_constraints/twist_span = 180.0
joint_constraints/bias = 0.3
joint_constraints/softness = 0.8
joint_constraints/relaxation = 1.0

[node name="CollisionShape3D" type="CollisionShape3D" parent="ape/Armature/Skeleton3D/Ragdoll/Physical Bone Pelvis" unique_id=1414895023]
transform = Transform3D(1, 1.7763568e-15, -7.1054274e-15, 0, 0, 1, 0, -1, 0, -1.5464547e-08, 0.1585498, 0.107316256)
shape = SubResource("CapsuleShape3D_wppca")

[node name="MultiplayerSynchronizer" type="MultiplayerSynchronizer" parent="ape/Armature/Skeleton3D/Ragdoll/Physical Bone Pelvis" unique_id=233682832]
replication_config = SubResource("SceneReplicationConfig_pb1wn")

[node name="Physical Bone Spine" type="PhysicalBone3D" parent="ape/Armature/Skeleton3D/Ragdoll" unique_id=1598314396]
transform = Transform3D(0.987519, 0.06813104, -0.1420012, -0.15749626, 0.43318188, -0.88743925, 0.00105018, 0.8987278, 0.43850574, 0.03388863, 0.8506249, -0.12364948)
collision_layer = 4
joint_type = 2
body_offset = Transform3D(1, -0.00017033145, -8.775992e-05, 0.0001702641, 1.0000001, -7.227063e-05, 8.799703e-05, 7.18832e-05, 1.000001, 0, 0, 0)
friction = 0.4
bounce = 0.2
bone_name = "Spine"
joint_constraints/swing_span = 4.999998
joint_constraints/twist_span = 39.999985
joint_constraints/bias = 0.3
joint_constraints/softness = 0.01
joint_constraints/relaxation = 1.0

[node name="CollisionShape3D" type="CollisionShape3D" parent="ape/Armature/Skeleton3D/Ragdoll/Physical Bone Spine" unique_id=445052303]
transform = Transform3D(1, -5.8051013e-09, -6.5356427e-09, 8.688437e-09, 0.7423152, 0.6700509, 9.617911e-10, -0.670051, 0.74231505, -6.4028205e-10, 0.13475418, 0.14868477)
shape = SubResource("CapsuleShape3D_54pyi")

[node name="PushablePusher" type="Area3D" parent="ape/Armature/Skeleton3D/Ragdoll/Physical Bone Spine" unique_id=1087675309 node_paths=PackedStringArray("ape", "state", "ragdoll")]
transform = Transform3D(1, 2.506422e-07, -7.6170545e-07, 6.9034286e-07, 0.25881898, 0.96592563, 4.2369356e-07, -0.9659257, 0.25881916, -1.8626451e-07, -0.07860902, 0.65487623)
collision_layer = 8
collision_mask = 16
script = ExtResource("7_n5wll")
ape = NodePath("../../../../../..")
state = NodePath("../../../../../../PlayerState")
ragdoll = NodePath("../..")

[node name="CollisionShape3D" type="CollisionShape3D" parent="ape/Armature/Skeleton3D/Ragdoll/Physical Bone Spine/PushablePusher" unique_id=2006120402]
transform = Transform3D(1, -1.3344106e-08, -3.4924597e-09, -1.6356353e-08, 1.0000001, 0, 0, 1.4901161e-08, 1, 1.9878149e-05, 0.49638686, 0.018573403)
shape = SubResource("CylinderShape3D_n5wll")

[node name="MultiplayerSynchronizer" type="MultiplayerSynchronizer" parent="ape/Armature/Skeleton3D/Ragdoll/Physical Bone Spine" unique_id=403126397]
replication_config = SubResource("SceneReplicationConfig_pb1wn")

[node name="Physical Bone Neck" type="PhysicalBone3D" parent="ape/Armature/Skeleton3D/Ragdoll" unique_id=1219001923]
transform = Transform3D(0.9878493, -0.02389131, -0.1535678, -0.15520708, -0.20276564, -0.96684897, -0.008038985, 0.97893584, -0.20401, 0.059406493, 1.0124593, 0.21207017)
collision_layer = 4
collision_mask = 17
joint_type = 2
body_offset = Transform3D(1.0000001, -4.1846186e-05, 0.0003968042, 4.1738153e-05, 1.0000001, 0.0005223602, -0.00039661187, -0.00052174926, 1.0000005, 0, 0, 0)
friction = 0.4
bounce = 0.2
bone_name = "Neck"
joint_constraints/swing_span = 19.999992
joint_constraints/twist_span = 24.999996
joint_constraints/bias = 0.3
joint_constraints/softness = 0.8
joint_constraints/relaxation = 1.0

[node name="CollisionShape3D" type="CollisionShape3D" parent="ape/Armature/Skeleton3D/Ragdoll/Physical Bone Neck" unique_id=465597284]
transform = Transform3D(1, 0, 6.170012e-09, 5.5879354e-09, 1, 0, -4.0978193e-08, 0, 1.0000001, -7.450581e-09, 0.10449882, 0.0872857)
shape = SubResource("CapsuleShape3D_n5wll")

[node name="MultiplayerSynchronizer" type="MultiplayerSynchronizer" parent="ape/Armature/Skeleton3D/Ragdoll/Physical Bone Neck" unique_id=1402948407]
replication_config = SubResource("SceneReplicationConfig_pb1wn")

[node name="Physical Bone Head" type="PhysicalBone3D" parent="ape/Armature/Skeleton3D/Ragdoll" unique_id=1121487032]
transform = Transform3D(0.99831206, -0.05724695, 0.009787441, 0.00093497545, -0.15266, -0.9882784, 0.058070064, 0.9866194, -0.1523488, 0.054356847, 0.9695649, 0.41861737)
collision_layer = 4
collision_mask = 17
joint_type = 2
body_offset = Transform3D(1.0000002, -1.1824071e-05, 2.682209e-07, 1.1827797e-05, 1.0000006, 1.3411045e-05, -2.30968e-07, -1.2859702e-05, 1.000001, 0, 0, 0)
friction = 0.4
bounce = 0.2
bone_name = "Head"
joint_constraints/swing_span = 24.999996
joint_constraints/twist_span = 19.999992
joint_constraints/bias = 0.3
joint_constraints/softness = 0.8
joint_constraints/relaxation = 1.0

[node name="CollisionShape3D" type="CollisionShape3D" parent="ape/Armature/Skeleton3D/Ragdoll/Physical Bone Head" unique_id=600854772]
transform = Transform3D(0.99994695, -0.0021346174, -0.010077274, 0.00027098507, 0.98340607, -0.18141994, 0.010297311, 0.18140763, 0.9833542, -9.849668e-06, 0.15853629, 0.031226516)
shape = SubResource("CapsuleShape3D_pe46d")

[node name="MultiplayerSynchronizer" type="MultiplayerSynchronizer" parent="ape/Armature/Skeleton3D/Ragdoll/Physical Bone Head" unique_id=2111483904]
replication_config = SubResource("SceneReplicationConfig_pb1wn")

[node name="Physical Bone Shoulder_L" type="PhysicalBone3D" parent="ape/Armature/Skeleton3D/Ragdoll" unique_id=1011885616]
transform = Transform3D(0.07030761, 0.90951794, 0.40967557, 0.2705463, -0.41268474, 0.8697678, 0.96013623, 0.049684916, -0.27508155, 0.059406493, 1.0124593, 0.21207017)
collision_layer = 4
collision_mask = 17
joint_type = 2
joint_offset = Transform3D(0.9999979, 0, 0, 0, 0.99999756, 0, 0, 0, 0.99999845, 0, 0, 0)
body_offset = Transform3D(1.0000002, -2.1278858e-05, 2.1189451e-05, 2.135709e-05, 1.0000002, 7.7160075e-06, -2.104044e-05, -8.4377825e-06, 1.0000008, 0, 0, 0)
friction = 0.4
bounce = 0.2
bone_name = "Shoulder_L"
joint_constraints/swing_span = 9.999996
joint_constraints/twist_span = 4.999998
joint_constraints/bias = 0.3
joint_constraints/softness = 0.8
joint_constraints/relaxation = 1.0

[node name="CollisionShape3D" type="CollisionShape3D" parent="ape/Armature/Skeleton3D/Ragdoll/Physical Bone Shoulder_L" unique_id=1065188310]
transform = Transform3D(1.0000013, 6.482005e-07, 0, -9.313226e-10, 1.0000005, 6.519258e-09, 0, -1.9324943e-07, 1.0000004, 0.0056129694, 0.18636844, -0.07021457)
shape = SubResource("CapsuleShape3D_vurlm")

[node name="MultiplayerSynchronizer" type="MultiplayerSynchronizer" parent="ape/Armature/Skeleton3D/Ragdoll/Physical Bone Shoulder_L" unique_id=155865235]
replication_config = SubResource("SceneReplicationConfig_pb1wn")

[node name="Physical Bone Arm_Upper_L" type="PhysicalBone3D" parent="ape/Armature/Skeleton3D/Ragdoll" unique_id=501162425]
transform = Transform3D(0.9872497, 0.13467112, -0.08486318, 0.15701194, -0.911552, 0.38002646, -0.026178606, -0.38850552, -0.92107445, 0.2782429, 0.91316825, 0.22402899)
collision_layer = 4
collision_mask = 17
joint_type = 2
body_offset = Transform3D(1.0000001, 7.974915e-06, 3.223121e-05, -8.286908e-06, 1.0000008, 8.34465e-06, -3.2162294e-05, -9.000301e-06, 1.0000005, 0, 0, 0)
friction = 0.4
bounce = 0.2
bone_name = "Arm_Upper_L"
joint_constraints/swing_span = 45.0
joint_constraints/twist_span = 45.0
joint_constraints/bias = 0.3
joint_constraints/softness = 0.8
joint_constraints/relaxation = 1.0

[node name="CollisionShape3D" type="CollisionShape3D" parent="ape/Armature/Skeleton3D/Ragdoll/Physical Bone Arm_Upper_L" unique_id=1140243226]
transform = Transform3D(0.9999997, 1.4882535e-06, 1.9669533e-06, -3.259629e-08, 0.99999535, 1.3299286e-06, 1.7881393e-07, -3.091991e-07, 0.9999914, -0.014738202, 0.2557823, -0.013592303)
shape = SubResource("CapsuleShape3D_pb1wn")

[node name="MultiplayerSynchronizer" type="MultiplayerSynchronizer" parent="ape/Armature/Skeleton3D/Ragdoll/Physical Bone Arm_Upper_L" unique_id=856081763]
replication_config = SubResource("SceneReplicationConfig_pb1wn")

[node name="Physical Bone Arm_Lower_L" type="PhysicalBone3D" parent="ape/Armature/Skeleton3D/Ragdoll" unique_id=1790107468]
transform = Transform3D(0.40948865, -0.2791114, -0.8685712, -0.81332785, -0.5429866, -0.20895791, -0.41329998, 0.79199904, -0.44935593, 0.34433836, 0.46575865, 0.033337593)
collision_layer = 4
collision_mask = 17
joint_type = 3
joint_offset = Transform3D(-4.3711143e-08, 0.70710254, 0.7071023, 0, 0.7071026, -0.70710224, -0.9999944, -3.0908435e-08, -3.0908424e-08, 0, 0, 0)
joint_rotation = Vector3(0.7853981, 1.5707964, 0)
body_offset = Transform3D(1.0000006, 4.142523e-06, 1.5437603e-05, -3.33786e-06, 1.0000004, -2.7775764e-05, -1.5228987e-05, 2.7656555e-05, 1.0000001, 0, 0, 0)
friction = 0.4
bounce = 0.2
bone_name = "Arm_Lower_L"
joint_constraints/angular_limit_enabled = true
joint_constraints/angular_limit_upper = 45.0
joint_constraints/angular_limit_lower = -45.0
joint_constraints/angular_limit_bias = 0.3
joint_constraints/angular_limit_softness = 0.9
joint_constraints/angular_limit_relaxation = 1.0

[node name="CollisionShape3D" type="CollisionShape3D" parent="ape/Armature/Skeleton3D/Ragdoll/Physical Bone Arm_Lower_L" unique_id=271854951]
transform = Transform3D(0.9883681, 0.09372162, -0.11977059, -0.112443835, 0.9806004, -0.16057971, 0.10239717, 0.17217852, 0.9797324, 0.015596829, 0.21193166, -0.00060778856)
shape = SubResource("CapsuleShape3D_c5vop")

[node name="MultiplayerSynchronizer" type="MultiplayerSynchronizer" parent="ape/Armature/Skeleton3D/Ragdoll/Physical Bone Arm_Lower_L" unique_id=1128995547]
replication_config = SubResource("SceneReplicationConfig_pb1wn")

[node name="Physical Bone Hand_L" type="PhysicalBone3D" parent="ape/Armature/Skeleton3D/Ragdoll" unique_id=711070125]
transform = Transform3D(0.888171, -0.26736, -0.37372595, -0.044555705, -0.85958314, 0.5090497, -0.45734805, -0.43547153, -0.77536917, 0.2414549, 0.2655953, 0.32530552)
collision_layer = 4
collision_mask = 17
joint_type = 3
joint_offset = Transform3D(0.9999998, 0, 0, 0, -4.3711385e-08, -0.99999976, 0, 0.99999994, -4.3711378e-08, 0, 0, 0)
joint_rotation = Vector3(1.5707964, 0, 0)
body_offset = Transform3D(1.0000001, -8.523464e-06, 3.2782555e-07, 8.627772e-06, 1.0000008, 6.234646e-05, -3.2782555e-07, -6.309152e-05, 1.0000006, 0, 0, 0)
friction = 0.4
bounce = 0.2
bone_name = "Hand_L"
joint_constraints/angular_limit_enabled = true
joint_constraints/angular_limit_upper = 45.0
joint_constraints/angular_limit_lower = -45.0
joint_constraints/angular_limit_bias = 0.3
joint_constraints/angular_limit_softness = 0.9
joint_constraints/angular_limit_relaxation = 1.0

[node name="CollisionShape3D" type="CollisionShape3D" parent="ape/Armature/Skeleton3D/Ragdoll/Physical Bone Hand_L" unique_id=33125335]
transform = Transform3D(0.9975691, 0.05082817, -0.047361463, -0.059808567, 0.9751774, -0.21315739, 0.035351828, 0.21547428, 0.97586364, 0.009724602, 0.1448313, 0.04437065)
shape = SubResource("CapsuleShape3D_yop2s")

[node name="MultiplayerSynchronizer" type="MultiplayerSynchronizer" parent="ape/Armature/Skeleton3D/Ragdoll/Physical Bone Hand_L" unique_id=796366129]
replication_config = SubResource("SceneReplicationConfig_pb1wn")

[node name="Physical Bone Shoulder_R" type="PhysicalBone3D" parent="ape/Armature/Skeleton3D/Ragdoll" unique_id=1168480884]
transform = Transform3D(0.071237445, -0.9393409, -0.3355056, -0.46882927, -0.32842195, 0.8199623, -0.8804115, 0.09888282, -0.46378642, 0.059406493, 1.0124593, 0.21207017)
collision_layer = 4
collision_mask = 17
joint_type = 2
joint_offset = Transform3D(0.9999979, 0, 0, 0, 0.99999756, 0, 0, 0, 0.99999845, 0, 0, 0)
body_offset = Transform3D(1.0000001, -0.00013364851, 3.027916e-05, 0.00013377517, 1.0000001, 4.7512352e-05, -3.0726194e-05, -4.8149377e-05, 1.0000007, 0, 0, 0)
friction = 0.4
bounce = 0.2
bone_name = "Shoulder_R"
joint_constraints/swing_span = 9.999996
joint_constraints/twist_span = 4.999998
joint_constraints/bias = 0.3
joint_constraints/softness = 0.8
joint_constraints/relaxation = 1.0

[node name="CollisionShape3D2" type="CollisionShape3D" parent="ape/Armature/Skeleton3D/Ragdoll/Physical Bone Shoulder_R" unique_id=610839031]
transform = Transform3D(1.0000013, 6.482005e-07, 0, -9.313226e-10, 1.0000005, 6.519258e-09, 0, -1.9324943e-07, 1.0000004, 0.0056129694, 0.18636844, -0.07021457)
shape = SubResource("CapsuleShape3D_vurlm")

[node name="MultiplayerSynchronizer" type="MultiplayerSynchronizer" parent="ape/Armature/Skeleton3D/Ragdoll/Physical Bone Shoulder_R" unique_id=1077783923]
replication_config = SubResource("SceneReplicationConfig_pb1wn")

[node name="Physical Bone Arm_Upper_R" type="PhysicalBone3D" parent="ape/Armature/Skeleton3D/Ragdoll" unique_id=1907136194]
transform = Transform3D(0.9961785, -0.047770564, -0.07311969, -0.030822426, -0.97558546, 0.21744667, -0.08172206, -0.21436195, -0.9733296, -0.1666059, 0.9334336, 0.23582822)
collision_layer = 4
collision_mask = 17
joint_type = 2
body_offset = Transform3D(0.9999999, -0.00016014278, -0.0004471317, 0.00016017258, 1.000001, 1.9580126e-05, 0.00044722855, -2.0354986e-05, 1.0000002, 0, 0, 0)
friction = 0.4
bounce = 0.2
bone_name = "Arm_Upper_R"
joint_constraints/swing_span = 45.0
joint_constraints/twist_span = 45.0
joint_constraints/bias = 0.3
joint_constraints/softness = 0.8
joint_constraints/relaxation = 1.0

[node name="CollisionShape3D2" type="CollisionShape3D" parent="ape/Armature/Skeleton3D/Ragdoll/Physical Bone Arm_Upper_R" unique_id=899928137]
transform = Transform3D(0.9999997, 1.4882535e-06, 1.9669533e-06, -3.259629e-08, 0.99999535, 1.3299286e-06, 1.7881393e-07, -3.091991e-07, 0.9999914, -0.014738202, 0.2557823, -0.013592303)
shape = SubResource("CapsuleShape3D_pb1wn")

[node name="MultiplayerSynchronizer" type="MultiplayerSynchronizer" parent="ape/Armature/Skeleton3D/Ragdoll/Physical Bone Arm_Upper_R" unique_id=1369422060]
replication_config = SubResource("SceneReplicationConfig_pb1wn")

[node name="Physical Bone Arm_Lower_R" type="PhysicalBone3D" parent="ape/Armature/Skeleton3D/Ragdoll" unique_id=1546893214]
transform = Transform3D(0.6206783, 0.19433303, 0.75960064, 0.3299344, -0.94358283, -0.028190799, 0.7112678, 0.26811576, -0.6497785, -0.18997525, 0.45459372, 0.13059838)
collision_layer = 4
collision_mask = 17
joint_type = 3
joint_offset = Transform3D(-4.371105e-08, -0.7070998, 0.7070968, 0, 0.70709985, 0.70709676, -0.99999225, 3.0908314e-08, -3.0908183e-08, 0, 0, 0)
joint_rotation = Vector3(-0.7853981, 1.5707964, 0)
body_offset = Transform3D(1.0000004, -9.958446e-05, 3.284216e-05, 9.9018216e-05, 1.0000012, 2.8043985e-05, -3.2901764e-05, -2.8297305e-05, 1.0000001, 0, 0, 0)
friction = 0.4
bounce = 0.2
bone_name = "Arm_Lower_R"
joint_constraints/angular_limit_enabled = true
joint_constraints/angular_limit_upper = 45.0
joint_constraints/angular_limit_lower = -45.0
joint_constraints/angular_limit_bias = 0.3
joint_constraints/angular_limit_softness = 0.9
joint_constraints/angular_limit_relaxation = 1.0

[node name="CollisionShape3D2" type="CollisionShape3D" parent="ape/Armature/Skeleton3D/Ragdoll/Physical Bone Arm_Lower_R" unique_id=682743]
transform = Transform3D(0.9883681, 0.09372162, -0.11977059, -0.112443835, 0.9806004, -0.16057971, 0.10239717, 0.17217852, 0.9797324, 0.015596829, 0.21193166, -0.00060778856)
shape = SubResource("CapsuleShape3D_c5vop")

[node name="MultiplayerSynchronizer" type="MultiplayerSynchronizer" parent="ape/Armature/Skeleton3D/Ragdoll/Physical Bone Arm_Lower_R" unique_id=638530891]
replication_config = SubResource("SceneReplicationConfig_pb1wn")

[node name="Physical Bone Hand_R" type="PhysicalBone3D" parent="ape/Armature/Skeleton3D/Ragdoll" unique_id=1685063262]
transform = Transform3D(0.9713896, -0.035171866, 0.23487276, -0.114316046, -0.93611085, 0.33260843, 0.20816848, -0.3499421, -0.91334903, -0.11830562, 0.106763124, 0.22945589)
collision_layer = 4
collision_mask = 17
joint_type = 3
joint_offset = Transform3D(0.9999998, 0, 0, 0, -4.3711385e-08, -0.99999976, 0, 0.99999994, -4.3711378e-08, 0, 0, 0)
joint_rotation = Vector3(1.5707964, 0, 0)
body_offset = Transform3D(1.0000001, -2.6084483e-05, -9.894371e-06, 2.6226044e-05, 1.0000011, -2.4169683e-05, 9.655952e-06, 2.3245811e-05, 1.0000004, 0, 0, 0)
friction = 0.4
bounce = 0.2
bone_name = "Hand_R"
joint_constraints/angular_limit_enabled = true
joint_constraints/angular_limit_upper = 45.0
joint_constraints/angular_limit_lower = -45.0
joint_constraints/angular_limit_bias = 0.3
joint_constraints/angular_limit_softness = 0.9
joint_constraints/angular_limit_relaxation = 1.0

[node name="CollisionShape3D2" type="CollisionShape3D" parent="ape/Armature/Skeleton3D/Ragdoll/Physical Bone Hand_R" unique_id=1149378107]
transform = Transform3D(0.9975691, 0.05082817, -0.047361463, -0.059808567, 0.9751774, -0.21315739, 0.035351828, 0.21547428, 0.97586364, 0.009724602, 0.1448313, 0.04437065)
shape = SubResource("CapsuleShape3D_yop2s")

[node name="MultiplayerSynchronizer" type="MultiplayerSynchronizer" parent="ape/Armature/Skeleton3D/Ragdoll/Physical Bone Hand_R" unique_id=815734656]
replication_config = SubResource("SceneReplicationConfig_pb1wn")

[node name="Physical Bone Thigh_L" type="PhysicalBone3D" parent="ape/Armature/Skeleton3D/Ragdoll" unique_id=1559074622]
transform = Transform3D(0.8712589, -0.031014971, 0.48984286, 0.24385555, -0.8387613, -0.48684075, 0.42596063, 0.5436152, -0.7232151, 0.18905613, 0.7033922, -0.37177566)
collision_layer = 4
collision_mask = 17
joint_type = 2
body_offset = Transform3D(1.0000002, -1.1920929e-07, -3.874302e-07, -1.4901161e-08, 1.0000008, 9.834766e-07, 4.172325e-07, -4.4703484e-07, 1.0000006, 0, 0, 0)
friction = 0.4
bounce = 0.2
bone_name = "Thigh_L"
joint_constraints/swing_span = 65.0
joint_constraints/twist_span = 19.999992
joint_constraints/bias = 0.3
joint_constraints/softness = 0.8
joint_constraints/relaxation = 1.0

[node name="CollisionShape3D" type="CollisionShape3D" parent="ape/Armature/Skeleton3D/Ragdoll/Physical Bone Thigh_L" unique_id=874920612]
transform = Transform3D(0.9937549, 0.102915734, 0.043105483, -0.10113806, 0.9940035, -0.041582793, -0.0471265, 0.036963552, 0.9982048, -0.029236495, 0.0947904, -0.028483108)
shape = SubResource("CapsuleShape3D_ah3bo")

[node name="MultiplayerSynchronizer" type="MultiplayerSynchronizer" parent="ape/Armature/Skeleton3D/Ragdoll/Physical Bone Thigh_L" unique_id=1689129358]
replication_config = SubResource("SceneReplicationConfig_pb1wn")

[node name="Physical Bone Shin_L" type="PhysicalBone3D" parent="ape/Armature/Skeleton3D/Ragdoll" unique_id=35757324]
transform = Transform3D(0.91060597, 0.15416567, 0.38344473, 0.029559027, -0.94973737, 0.31164926, 0.4122174, -0.27245542, -0.8693934, 0.17749618, 0.3907642, -0.1691564)
collision_layer = 4
collision_mask = 17
joint_type = 3
joint_offset = Transform3D(-4.37113e-08, 0, 0.999998, 0, 0.9999973, 0, -0.999998, 0, -4.37113e-08, 0, 0, 0)
joint_rotation = Vector3(0, 1.5707964, 0)
body_offset = Transform3D(1.0000004, 2.3841858e-07, 5.9604645e-08, 0, 1.0000008, -4.0233135e-07, 0, 0, 1.0000005, 0, 0, 0)
friction = 0.4
bounce = 0.2
bone_name = "Shin_L"
joint_constraints/angular_limit_enabled = true
joint_constraints/angular_limit_upper = 45.0
joint_constraints/angular_limit_lower = -45.0
joint_constraints/angular_limit_bias = 0.3
joint_constraints/angular_limit_softness = 0.9
joint_constraints/angular_limit_relaxation = 1.0

[node name="CollisionShape3D" type="CollisionShape3D" parent="ape/Armature/Skeleton3D/Ragdoll/Physical Bone Shin_L" unique_id=1547755645]
transform = Transform3D(0.9825408, -0.16863364, 0.07860506, 0.13825935, 0.9444851, 0.29804406, -0.124500416, -0.28197423, 0.9513161, -0.0066652, 0.11516102, -0.006066084)
shape = SubResource("CapsuleShape3D_cg0of")

[node name="MultiplayerSynchronizer" type="MultiplayerSynchronizer" parent="ape/Armature/Skeleton3D/Ragdoll/Physical Bone Shin_L" unique_id=1517506021]
replication_config = SubResource("SceneReplicationConfig_pb1wn")

[node name="Physical Bone Foot_L" type="PhysicalBone3D" parent="ape/Armature/Skeleton3D/Ragdoll" unique_id=832323799]
transform = Transform3D(0.13822632, 0.01271809, 0.990319, 0.97541344, -0.17504287, -0.13389786, 0.17164536, 0.9844787, -0.036600925, 0.22849475, 0.07658696, -0.25928584)
collision_layer = 4
collision_mask = 17
joint_type = 3
joint_offset = Transform3D(0.9999998, 0, 0, 0, -4.3711385e-08, -0.99999976, 0, 0.99999994, -4.3711378e-08, 0, 0, 0)
joint_rotation = Vector3(1.5707964, 0, 0)
body_offset = Transform3D(1.0000007, -4.0233135e-07, -2.6263297e-07, 0, 1.0000004, -1.4156103e-07, 0, 2.9802322e-08, 1.0000002, 0, 0, 0)
friction = 0.4
bounce = 0.2
bone_name = "Foot_L"
joint_constraints/angular_limit_enabled = true
joint_constraints/angular_limit_upper = 45.0
joint_constraints/angular_limit_lower = -45.0
joint_constraints/angular_limit_bias = 0.3
joint_constraints/angular_limit_softness = 0.9
joint_constraints/angular_limit_relaxation = 1.0

[node name="CollisionShape3D" type="CollisionShape3D" parent="ape/Armature/Skeleton3D/Ragdoll/Physical Bone Foot_L" unique_id=1072678156]
transform = Transform3D(0.9714068, 0.21798852, 0.09407331, -0.23672777, 0.9195532, 0.31365898, -0.018131346, -0.32696027, 0.94486415, 0.02177582, 0.15250975, -0.09440869)
shape = SubResource("CapsuleShape3D_6yin8")

[node name="MultiplayerSynchronizer" type="MultiplayerSynchronizer" parent="ape/Armature/Skeleton3D/Ragdoll/Physical Bone Foot_L" unique_id=782379359]
replication_config = SubResource("SceneReplicationConfig_pb1wn")

[node name="Physical Bone Thigh_R" type="PhysicalBone3D" parent="ape/Armature/Skeleton3D/Ragdoll" unique_id=1470890017]
