[gd_scene format=3 uid="uid://k3y73rql2u6e"]

[ext_resource type="Script" uid="uid://lgmqlkuewowp" path="res://ape/scripts/ape_body.gd" id="1_tksy4"]
[ext_resource type="PackedScene" uid="uid://3hwk02h2rtte" path="res://ape/visuals/ape.blend" id="2_wppca"]
[ext_resource type="Script" uid="uid://c5ogdg5hcnibf" path="res://ape/scripts/camera_pivot.gd" id="3_54pyi"]
[ext_resource type="Script" uid="uid://dr0wqty80sjn7" path="res://ape/scripts/ape_input.gd" id="3_g8e4n"]
[ext_resource type="Script" uid="uid://bb6okqe1l22n5" path="res://ape/ragdoll.gd" id="3_n5wll"]
[ext_resource type="Script" uid="uid://dnm8oseo2h6ro" path="res://ape/player_state.gd" id="6_n5wll"]
[ext_resource type="Script" uid="uid://qqt81cqdd6n8" path="res://ape/pushable_pusher.gd" id="7_n5wll"]

[sub_resource type="CapsuleShape3D" id="CapsuleShape3D_t2650"]
height = 1.0

[sub_resource type="CapsuleShape3D" id="CapsuleShape3D_wppca"]
radius = 0.24804688
height = 0.49609375

[sub_resource type="CapsuleShape3D" id="CapsuleShape3D_54pyi"]
radius = 0.2758789
height = 0.7727051

[sub_resource type="CylinderShape3D" id="CylinderShape3D_n5wll"]
height = 1.0

[sub_resource type="CapsuleShape3D" id="CapsuleShape3D_n5wll"]
radius = 0.17919922
height = 0.3930664

[sub_resource type="CapsuleShape3D" id="CapsuleShape3D_pe46d"]
radius = 0.1875
height = 0.44909668

[sub_resource type="CapsuleShape3D" id="CapsuleShape3D_vurlm"]
radius = 0.18408203
height = 0.41308594

[sub_resource type="CapsuleShape3D" id="CapsuleShape3D_pb1wn"]
radius = 0.12597656
height = 0.508448

[sub_resource type="CapsuleShape3D" id="CapsuleShape3D_c5vop"]
radius = 0.08935547
height = 0.4451279

[sub_resource type="CapsuleShape3D" id="CapsuleShape3D_yop2s"]
radius = 0.079589844
height = 0.33251953

[sub_resource type="CapsuleShape3D" id="CapsuleShape3D_ah3bo"]
radius = 0.123046875
height = 0.5633161

[sub_resource type="CapsuleShape3D" id="CapsuleShape3D_cg0of"]
radius = 0.08886719
height = 0.38058397

[sub_resource type="CapsuleShape3D" id="CapsuleShape3D_6yin8"]
radius = 0.080078125
height = 0.35131836

[sub_resource type="SceneReplicationConfig" id="SceneReplicationConfig_wppca"]
properties/0/path = NodePath(".:transform")
properties/0/spawn = true
properties/0/replication_mode = 1
properties/1/path = NodePath(".:velocity")
properties/1/spawn = true
properties/1/replication_mode = 1
properties/2/path = NodePath("ape:transform")
properties/2/spawn = true
properties/2/replication_mode = 1

[node name="Player" type="CharacterBody3D" unique_id=1802699836 node_paths=PackedStringArray("input", "camera", "look", "model")]
collision_layer = 3
script = ExtResource("1_tksy4")
input = NodePath("Input")
camera = NodePath("LookPivot/Camera3D")
look = NodePath("LookPivot")
model = NodePath("ape")

[node name="CollisionShape3D" type="CollisionShape3D" parent="." unique_id=971283472]
transform = Transform3D(1, 0, 0, 0, 1, 0, 0, 0, 1, 0, 0.5, 0)
visible = false
shape = SubResource("CapsuleShape3D_t2650")

[node name="ape" parent="." unique_id=820509596 instance=ExtResource("2_wppca")]
transform = Transform3D(-1, 0, -8.742278e-08, 0, 1, 0, 8.742278e-08, 0, -1, 0, 0, 0)

[node name="Head" type="BoneAttachment3D" parent="ape/Armature/Skeleton3D" parent_id_path=PackedInt32Array(820509596, 335276262) index="1" unique_id=1092656707]
transform = Transform3D(1, -5.057017e-09, 1.7697388e-10, -5.510298e-10, -0.14359634, -0.98963547, 5.030021e-09, 0.98963594, -0.14359684, -8.3723484e-10, 0.89152676, 0.46719888)
bone_name = "Head"
bone_idx = 13

[node name="HeadLookAt" type="LookAtModifier3D" parent="ape/Armature/Skeleton3D" parent_id_path=PackedInt32Array(820509596, 335276262) index="2" unique_id=1610885507]
influence = 0.5
target_node = NodePath("../../../../LookPivot/LookAtMe")
bone_name = "Head"
bone = 13
forward_axis = 2
primary_rotation_axis = 0
relative = true
use_angle_limitation = true
symmetry_limitation = true
primary_limit_angle = 0.87266463
primary_damp_threshold = 1.0
secondary_limit_angle = 0.87266463
secondary_damp_threshold = 1.0

[node name="NeckLookAt" type="LookAtModifier3D" parent="ape/Armature/Skeleton3D" parent_id_path=PackedInt32Array(820509596, 335276262) index="3" unique_id=415999757]
influence = 0.25
target_node = NodePath("../../../../LookPivot/LookAtMe")
bone_name = "Neck"
bone = 12
forward_axis = 2
primary_rotation_axis = 0
relative = true
use_angle_limitation = true
symmetry_limitation = true
primary_limit_angle = 0.87266463
primary_damp_threshold = 1.0
secondary_limit_angle = 0.87266463
secondary_damp_threshold = 1.0

[node name="SpineLookAt" type="LookAtModifier3D" parent="ape/Armature/Skeleton3D" parent_id_path=PackedInt32Array(820509596, 335276262) index="4" unique_id=360982078]
influence = 0.25
target_node = NodePath("../../../../LookPivot/LookAtMe")
bone_name = "Spine"
bone = 11
forward_axis = 2
primary_rotation_axis = 0
relative = true
use_angle_limitation = true
symmetry_limitation = true
primary_limit_angle = 0.87266463
primary_damp_threshold = 1.0
secondary_limit_angle = 0.87266463
secondary_damp_threshold = 1.0

[node name="PhysicalBoneSimulator3D" type="PhysicalBoneSimulator3D" parent="ape/Armature/Skeleton3D" parent_id_path=PackedInt32Array(820509596, 335276262) index="5" unique_id=589803041 node_paths=PackedStringArray("input", "ape")]
script = ExtResource("3_n5wll")
input = NodePath("../../../../Input")
ape = NodePath("../../../..")

[node name="Physical Bone Pelvis" type="PhysicalBone3D" parent="ape/Armature/Skeleton3D/PhysicalBoneSimulator3D" unique_id=406821728]
transform = Transform3D(1, 9.2370556e-14, 1.2434498e-14, -9.138185e-15, 0.20112029, -0.97956663, -9.947598e-14, 0.97956663, 0.20112027, 0, 0.74672455, -0.39372757)
collision_layer = 4
joint_type = 2
body_offset = Transform3D(1, 9.2370556e-14, 1.2434498e-14, -9.947598e-14, 1.0000001, -1.4901161e-08, -1.0658141e-14, 0, 1.0000011, 0, 0, 0)
friction = 0.4
bounce = 0.2
can_sleep = false
bone_name = "Pelvis"
joint_constraints/swing_span = 9.999999
joint_constraints/twist_span = 180.0
joint_constraints/bias = 0.3
joint_constraints/softness = 0.8
joint_constraints/relaxation = 1.0

[node name="CollisionShape3D" type="CollisionShape3D" parent="ape/Armature/Skeleton3D/PhysicalBoneSimulator3D/Physical Bone Pelvis" unique_id=1414895023]
transform = Transform3D(1, 1.7763568e-15, -7.1054274e-15, 0, 0, 1, 0, -1, 0, -1.5464547e-08, 0.1585498, 0.107316256)
shape = SubResource("CapsuleShape3D_wppca")

[node name="Physical Bone Spine" type="PhysicalBone3D" parent="ape/Armature/Skeleton3D/PhysicalBoneSimulator3D" unique_id=1598314396]
transform = Transform3D(-1, 4.2066006e-08, -7.775887e-08, 9.2910355e-09, -0.8246695, -0.56561506, -8.791852e-08, -0.56561506, 0.8246694, 7.07824e-09, 0.89853954, -0.073058695)
collision_layer = 4
joint_type = 2
joint_offset = Transform3D(1, 0, 0, 0, 1, 0, 0, 0, 1, 7.044042e-09, 0.07743567, 0.042330965)
body_offset = Transform3D(-1, 4.130499e-08, -7.704959e-08, -7.704959e-08, -0.83282506, 0.5535366, -4.1304997e-08, 0.55353737, 0.83282554, 7.1071455e-09, 0.04105863, -0.07811785)
friction = 0.4
bounce = 0.2
can_sleep = false
bone_name = "Spine"
joint_constraints/swing_span = 4.9999995
joint_constraints/twist_span = 39.999996
joint_constraints/bias = 0.3
joint_constraints/softness = 0.01
joint_constraints/relaxation = 1.0

[node name="CollisionShape3D" type="CollisionShape3D" parent="ape/Armature/Skeleton3D/PhysicalBoneSimulator3D/Physical Bone Spine" unique_id=445052303]
transform = Transform3D(1, -5.8051013e-09, -6.5356427e-09, 8.688437e-09, 0.7423152, 0.6700509, 9.617911e-10, -0.670051, 0.74231505, -6.4028205e-10, 0.13475418, 0.14868477)
shape = SubResource("CapsuleShape3D_54pyi")

[node name="PushablePusher" type="Area3D" parent="ape/Armature/Skeleton3D/PhysicalBoneSimulator3D/Physical Bone Spine" unique_id=1087675309 node_paths=PackedStringArray("ape")]
transform = Transform3D(1, 9.291036e-09, 4.957392e-10, 7.381627e-09, -0.82466924, 0.56561494, 5.663981e-09, -0.56561494, -0.8246693, -7.5755855e-09, 0.6996749, 0.56847674)
collision_layer = 0
collision_mask = 16
script = ExtResource("7_n5wll")
ape = NodePath("../../../../../..")

[node name="CollisionShape3D" type="CollisionShape3D" parent="ape/Armature/Skeleton3D/PhysicalBoneSimulator3D/Physical Bone Spine/PushablePusher" unique_id=2006120402]
transform = Transform3D(1, 0, 0, 0, 1, 0, 0, 0, 1, 0, 0.5, 0)
shape = SubResource("CylinderShape3D_n5wll")

[node name="Physical Bone Neck" type="PhysicalBone3D" parent="ape/Armature/Skeleton3D/PhysicalBoneSimulator3D" unique_id=1219001923]
transform = Transform3D(1, -2.1506565e-09, 5.391314e-10, -8.170142e-11, -0.27873558, -0.96036786, 2.2156996e-09, 0.9603679, -0.27873558, -3.834284e-10, 0.95034415, 0.26454726)
collision_layer = 4
joint_type = 2
body_offset = Transform3D(1, -7.1054274e-14, -5.684342e-14, 5.684342e-14, 1.0000005, 1.0430813e-06, 6.217249e-14, -3.874302e-07, 1.0000007, 0, 0, 0)
friction = 0.4
bounce = 0.2
can_sleep = false
bone_name = "Neck"
joint_constraints/swing_span = 19.999998
joint_constraints/twist_span = 24.999998
joint_constraints/bias = 0.3
joint_constraints/softness = 0.8
joint_constraints/relaxation = 1.0

[node name="CollisionShape3D" type="CollisionShape3D" parent="ape/Armature/Skeleton3D/PhysicalBoneSimulator3D/Physical Bone Neck" unique_id=465597284]
transform = Transform3D(1, 0, -3.5527137e-15, 0, 1, 0, 0, 0, 1.0000001, -4.4616435e-09, 0.079962745, 0.08728552)
shape = SubResource("CapsuleShape3D_n5wll")

[node name="Physical Bone Head" type="PhysicalBone3D" parent="ape/Armature/Skeleton3D/PhysicalBoneSimulator3D" unique_id=1121487032]
transform = Transform3D(1, -5.057018e-09, 1.7698643e-10, -5.5101657e-10, -0.14359652, -0.98963636, 5.0300173e-09, 0.9896363, -0.14359653, -8.3723606e-10, 0.89152676, 0.46719888)
collision_layer = 4
joint_type = 2
body_offset = Transform3D(1, 0, 1.5987212e-14, 0, 1.0000004, 4.172325e-07, -1.3322676e-14, 1.3411045e-07, 1.0000008, 0, 0, 0)
friction = 0.4
bounce = 0.2
can_sleep = false
bone_name = "Head"
joint_constraints/swing_span = 24.999998
joint_constraints/twist_span = 19.999998
joint_constraints/bias = 0.3
joint_constraints/softness = 0.8
joint_constraints/relaxation = 1.0

[node name="CollisionShape3D" type="CollisionShape3D" parent="ape/Armature/Skeleton3D/PhysicalBoneSimulator3D/Physical Bone Head" unique_id=600854772]
transform = Transform3D(1, -7.1054274e-15, 8.881784e-16, 0, 1.0000001, 0, 0, 0, 1.0000001, -7.212862e-08, 0.15948173, 0.03776157)
shape = SubResource("CapsuleShape3D_pe46d")

[node name="Physical Bone Shoulder_L" type="PhysicalBone3D" parent="ape/Armature/Skeleton3D/PhysicalBoneSimulator3D" unique_id=1011885616]
transform = Transform3D(0.1089229, 0.91694933, 0.38384864, 0.2817412, -0.3987889, 0.87269086, 0.95328784, 0.013089947, -0.30177966, -3.834284e-10, 0.95034415, 0.26454726)
collision_layer = 4
joint_type = 2
joint_offset = Transform3D(0.9999979, 0, 0, 0, 0.99999756, 0, 0, 0, 0.99999845, 0, 0, 0)
body_offset = Transform3D(1, -4.7124922e-07, 7.1525574e-07, 4.088506e-07, 1.0000002, -6.4633787e-07, -6.556511e-07, 1.4994293e-07, 1.0000007, 0, 0, 0)
friction = 0.4
bounce = 0.2
can_sleep = false
bone_name = "Shoulder_L"
joint_constraints/swing_span = 9.999999
joint_constraints/twist_span = 4.9999995
joint_constraints/bias = 0.3
joint_constraints/softness = 0.8
joint_constraints/relaxation = 1.0

[node name="CollisionShape3D" type="CollisionShape3D" parent="ape/Armature/Skeleton3D/PhysicalBoneSimulator3D/Physical Bone Shoulder_L" unique_id=1065188310]
transform = Transform3D(1.0000013, 6.482005e-07, 0, -9.313226e-10, 1.0000005, 6.519258e-09, 0, -1.9324943e-07, 1.0000004, 0.0056129694, 0.18636844, -0.07021457)
shape = SubResource("CapsuleShape3D_vurlm")

[node name="Physical Bone Arm_Upper_L" type="PhysicalBone3D" parent="ape/Armature/Skeleton3D/PhysicalBoneSimulator3D" unique_id=501162425]
transform = Transform3D(0.85115385, 0.3414098, 0.39871863, 0.29901782, -0.93965006, 0.16627152, 0.4314227, -0.022298658, -0.9018743, 0.22062325, 0.85439336, 0.2676969)
collision_layer = 4
joint_type = 2
body_offset = Transform3D(1.0000001, -2.9522926e-07, 1.7881393e-07, -5.401671e-08, 1.000001, -5.3830445e-07, 0, 1.3038516e-08, 1.0000002, 0, 0, 0)
friction = 0.4
bounce = 0.2
can_sleep = false
bone_name = "Arm_Upper_L"
joint_constraints/swing_span = 45.0
joint_constraints/twist_span = 45.0
joint_constraints/bias = 0.3
joint_constraints/softness = 0.8
joint_constraints/relaxation = 1.0

[node name="CollisionShape3D" type="CollisionShape3D" parent="ape/Armature/Skeleton3D/PhysicalBoneSimulator3D/Physical Bone Arm_Upper_L" unique_id=1140243226]
transform = Transform3D(0.9999997, 1.4882535e-06, 1.9669533e-06, -3.259629e-08, 0.99999535, 1.3299286e-06, 1.7881393e-07, -3.091991e-07, 0.9999914, -0.014738202, 0.2557823, -0.013592303)
shape = SubResource("CapsuleShape3D_pb1wn")

[node name="Physical Bone Arm_Lower_L" type="PhysicalBone3D" parent="ape/Armature/Skeleton3D/PhysicalBoneSimulator3D" unique_id=1790107468]
transform = Transform3D(0.87102425, -0.2438222, -0.42645925, -0.39805585, -0.8590424, -0.32186598, -0.2878685, 0.45010763, -0.8453017, 0.38819513, 0.3931917, 0.25675228)
collision_layer = 4
joint_type = 3
joint_offset = Transform3D(-4.3711143e-08, 0.7071026, 0.70710224, 0, 0.7071026, -0.70710224, -0.9999944, -3.090844e-08, -3.0908424e-08, 0, 0, 0)
joint_rotation = Vector3(0.7853981, 1.5707964, 0)
body_offset = Transform3D(1.0000004, 4.917383e-07, 1.7881393e-07, 1.1920929e-07, 1.000001, 2.3841858e-07, -1.4901161e-08, 8.940697e-08, 1.0000001, 0, 0, 0)
friction = 0.4
bounce = 0.2
can_sleep = false
bone_name = "Arm_Lower_L"
joint_constraints/angular_limit_enabled = true
joint_constraints/angular_limit_upper = 45.0
joint_constraints/angular_limit_lower = -45.0
joint_constraints/angular_limit_bias = 0.3
joint_constraints/angular_limit_softness = 0.9
joint_constraints/angular_limit_relaxation = 1.0

[node name="CollisionShape3D" type="CollisionShape3D" parent="ape/Armature/Skeleton3D/PhysicalBoneSimulator3D/Physical Bone Arm_Lower_L" unique_id=271854951]
transform = Transform3D(0.9883681, 0.09372162, -0.11977059, -0.112443835, 0.9806004, -0.16057971, 0.10239717, 0.17217852, 0.9797324, 0.015596829, 0.21193166, -0.00060778856)
shape = SubResource("CapsuleShape3D_c5vop")

[node name="Physical Bone Hand_L" type="PhysicalBone3D" parent="ape/Armature/Skeleton3D/PhysicalBoneSimulator3D" unique_id=711070125]
transform = Transform3D(0.9517936, -0.18367177, -0.24566971, -0.22421198, -0.96314824, -0.1485751, -0.20932728, 0.19649494, -0.9578997, 0.29831237, 0.0765143, 0.42268008)
collision_layer = 4
joint_type = 3
joint_offset = Transform3D(0.9999998, 0, 0, 0, -4.3711385e-08, -0.99999976, 0, 0.99999994, -4.3711378e-08, 0, 0, 0)
joint_rotation = Vector3(1.5707964, 0, 0)
body_offset = Transform3D(1.0000002, 3.1553209e-06, 1.9967556e-06, -2.7380884e-06, 1.0000012, -1.6391277e-07, -1.937151e-06, 1.6391277e-07, 1, 0, 0, 0)
friction = 0.4
bounce = 0.2
can_sleep = false
bone_name = "Hand_L"
joint_constraints/angular_limit_enabled = true
joint_constraints/angular_limit_upper = 45.0
joint_constraints/angular_limit_lower = -45.0
joint_constraints/angular_limit_bias = 0.3
joint_constraints/angular_limit_softness = 0.9
joint_constraints/angular_limit_relaxation = 1.0

[node name="CollisionShape3D" type="CollisionShape3D" parent="ape/Armature/Skeleton3D/PhysicalBoneSimulator3D/Physical Bone Hand_L" unique_id=33125335]
transform = Transform3D(0.9975691, 0.05082817, -0.047361463, -0.059808567, 0.9751774, -0.21315739, 0.035351828, 0.21547428, 0.97586364, 0.009724602, 0.1448313, 0.04437065)
shape = SubResource("CapsuleShape3D_yop2s")

[node name="Physical Bone Shoulder_R" type="PhysicalBone3D" parent="ape/Armature/Skeleton3D/PhysicalBoneSimulator3D" unique_id=1168480884]
transform = Transform3D(0.10892766, -0.91695035, -0.38384482, -0.28173333, -0.39878687, 0.8726944, -0.9532896, 0.01308133, -0.3017744, -3.834284e-10, 0.95034415, 0.26454726)
collision_layer = 4
joint_type = 2
joint_offset = Transform3D(0.9999979, 0, 0, 0, 0.99999756, 0, 0, 0, 0.99999845, 0, 0, 0)
body_offset = Transform3D(1, 8.012168e-06, -6.3180923e-06, -7.942319e-06, 1.0000002, -5.4542907e-06, 6.2286854e-06, 4.9085356e-06, 1.0000007, 0, 0, 0)
friction = 0.4
bounce = 0.2
can_sleep = false
bone_name = "Shoulder_R"
joint_constraints/swing_span = 9.999999
joint_constraints/twist_span = 4.9999995
joint_constraints/bias = 0.3
joint_constraints/softness = 0.8
joint_constraints/relaxation = 1.0

[node name="CollisionShape3D2" type="CollisionShape3D" parent="ape/Armature/Skeleton3D/PhysicalBoneSimulator3D/Physical Bone Shoulder_R" unique_id=610839031]
transform = Transform3D(1.0000013, 6.482005e-07, 0, -9.313226e-10, 1.0000005, 6.519258e-09, 0, -1.9324943e-07, 1.0000004, 0.0056129694, 0.18636844, -0.07021457)
shape = SubResource("CapsuleShape3D_vurlm")

[node name="Physical Bone Arm_Upper_R" type="PhysicalBone3D" parent="ape/Armature/Skeleton3D/PhysicalBoneSimulator3D" unique_id=1907136194]
transform = Transform3D(0.85115385, -0.3414097, -0.39871863, -0.29901776, -0.93965, 0.1662715, -0.4314227, -0.022298662, -0.9018743, -0.22062325, 0.85439336, 0.2676969)
collision_layer = 4
joint_type = 2
body_offset = Transform3D(1.0000001, 3.343448e-07, -1.4901161e-07, -9.313226e-10, 1.000001, -5.1036477e-07, 0, 5.5879354e-09, 1.0000002, 0, 0, 0)
friction = 0.4
bounce = 0.2
can_sleep = false
bone_name = "Arm_Upper_R"
joint_constraints/swing_span = 45.0
joint_constraints/twist_span = 45.0
joint_constraints/bias = 0.3
joint_constraints/softness = 0.8
joint_constraints/relaxation = 1.0

[node name="CollisionShape3D2" type="CollisionShape3D" parent="ape/Armature/Skeleton3D/PhysicalBoneSimulator3D/Physical Bone Arm_Upper_R" unique_id=899928137]
transform = Transform3D(0.9999997, 1.4882535e-06, 1.9669533e-06, -3.259629e-08, 0.99999535, 1.3299286e-06, 1.7881393e-07, -3.091991e-07, 0.9999914, -0.014738202, 0.2557823, -0.013592303)
shape = SubResource("CapsuleShape3D_pb1wn")

[node name="Physical Bone Arm_Lower_R" type="PhysicalBone3D" parent="ape/Armature/Skeleton3D/PhysicalBoneSimulator3D" unique_id=1546893214]
transform = Transform3D(0.8710243, 0.24382202, 0.4264593, 0.3980558, -0.8590424, -0.32186612, 0.2878686, 0.4501078, -0.8453015, -0.38819513, 0.3931917, 0.25675228)
collision_layer = 4
joint_type = 3
joint_offset = Transform3D(-4.371105e-08, -0.7070998, 0.70709676, 0, 0.7070998, 0.70709676, -0.99999225, 3.0908314e-08, -3.0908183e-08, 0, 0, 0)
joint_rotation = Vector3(-0.7853981, 1.5707964, 0)
body_offset = Transform3D(1.0000004, -5.9604645e-07, -1.0430813e-07, -1.4901161e-08, 1.000001, 4.7683716e-07, 0, -1.4901161e-07, 1, 0, 0, 0)
friction = 0.4
bounce = 0.2
can_sleep = false
bone_name = "Arm_Lower_R"
joint_constraints/angular_limit_enabled = true
joint_constraints/angular_limit_upper = 45.0
joint_constraints/angular_limit_lower = -45.0
joint_constraints/angular_limit_bias = 0.3
joint_constraints/angular_limit_softness = 0.9
joint_constraints/angular_limit_relaxation = 1.0

[node name="CollisionShape3D2" type="CollisionShape3D" parent="ape/Armature/Skeleton3D/PhysicalBoneSimulator3D/Physical Bone Arm_Lower_R" unique_id=682743]
transform = Transform3D(0.9883681, 0.09372162, -0.11977059, -0.112443835, 0.9806004, -0.16057971, 0.10239717, 0.17217852, 0.9797324, 0.015596829, 0.21193166, -0.00060778856)
shape = SubResource("CapsuleShape3D_c5vop")

[node name="Physical Bone Hand_R" type="PhysicalBone3D" parent="ape/Armature/Skeleton3D/PhysicalBoneSimulator3D" unique_id=1685063262]
transform = Transform3D(0.95179284, 0.18367371, 0.24567153, 0.22421429, -0.9631477, -0.14857493, 0.20932865, 0.19649562, -0.95789933, -0.29831237, 0.0765143, 0.42268008)
collision_layer = 4
joint_type = 3
joint_offset = Transform3D(0.9999998, 0, 0, 0, -4.3711385e-08, -0.99999976, 0, 0.99999994, -4.3711378e-08, 0, 0, 0)
joint_rotation = Vector3(1.5707964, 0, 0)
body_offset = Transform3D(1.0000004, -1.039356e-06, -1.4901161e-07, 6.221235e-07, 1.0000011, 8.940697e-08, 8.940697e-08, -1.0430813e-07, 1.0000001, 0, 0, 0)
friction = 0.4
bounce = 0.2
can_sleep = false
bone_name = "Hand_R"
joint_constraints/angular_limit_enabled = true
joint_constraints/angular_limit_upper = 45.0
joint_constraints/angular_limit_lower = -45.0
joint_constraints/angular_limit_bias = 0.3
joint_constraints/angular_limit_softness = 0.9
joint_constraints/angular_limit_relaxation = 1.0

[node name="CollisionShape3D2" type="CollisionShape3D" parent="ape/Armature/Skeleton3D/PhysicalBoneSimulator3D/Physical Bone Hand_R" unique_id=1149378107]
transform = Transform3D(0.9975691, 0.05082817, -0.047361463, -0.059808567, 0.9751774, -0.21315739, 0.035351828, 0.21547428, 0.97586364, 0.009724602, 0.1448313, 0.04437065)
shape = SubResource("CapsuleShape3D_yop2s")

[node name="Physical Bone Thigh_L" type="PhysicalBone3D" parent="ape/Armature/Skeleton3D/PhysicalBoneSimulator3D" unique_id=1559074622]
transform = Transform3D(0.93390846, 0.20746458, 0.29115885, 0.2911589, -0.91396147, -0.28266755, 0.20746446, 0.3487591, -0.9139615, 0.17661567, 0.6717452, -0.32029486)
collision_layer = 4
joint_type = 2
body_offset = Transform3D(1.0000001, -3.3527613e-07, -1.3411045e-07, 1.4901161e-08, 1.0000008, 2.9802322e-08, 1.1920929e-07, 0, 1.0000004, 0, 0, 0)
friction = 0.4
bounce = 0.2
can_sleep = false
bone_name = "Thigh_L"
joint_constraints/swing_span = 65.0
joint_constraints/twist_span = 19.999998
joint_constraints/bias = 0.3
joint_constraints/softness = 0.8
joint_constraints/relaxation = 1.0

[node name="CollisionShape3D" type="CollisionShape3D" parent="ape/Armature/Skeleton3D/PhysicalBoneSimulator3D/Physical Bone Thigh_L" unique_id=874920612]
transform = Transform3D(0.9937549, 0.102915734, 0.043105483, -0.10113806, 0.9940035, -0.041582793, -0.0471265, 0.036963552, 0.9982048, -0.029236495, 0.0947904, -0.028483108)
shape = SubResource("CapsuleShape3D_ah3bo")

[node name="Physical Bone Shin_L" type="PhysicalBone3D" parent="ape/Armature/Skeleton3D/PhysicalBoneSimulator3D" unique_id=35757324]
transform = Transform3D(0.9937742, 0.10313228, 0.042151254, 0.042151533, -0.6982415, 0.7146203, 0.10313218, -0.7083944, -0.69824153, 0.25394318, 0.3310883, -0.19030337)
collision_layer = 4
joint_type = 3
joint_offset = Transform3D(-4.37113e-08, 0, 0.999998, 0, 0.9999973, 0, -0.999998, 0, -4.37113e-08, 0, 0, 0)
joint_rotation = Vector3(0, 1.5707964, 0)
body_offset = Transform3D(1.0000004, 1.4901161e-08, 0, 0, 1.0000006, -5.364418e-07, 0, 2.9802322e-08, 1.000001, 0, 0, 0)
friction = 0.4
bounce = 0.2
can_sleep = false
bone_name = "Shin_L"
joint_constraints/angular_limit_enabled = true
joint_constraints/angular_limit_upper = 45.0
joint_constraints/angular_limit_lower = -45.0
joint_constraints/angular_limit_bias = 0.3
joint_constraints/angular_limit_softness = 0.9
joint_constraints/angular_limit_relaxation = 1.0

[node name="CollisionShape3D" type="CollisionShape3D" parent="ape/Armature/Skeleton3D/PhysicalBoneSimulator3D/Physical Bone Shin_L" unique_id=1547755645]
transform = Transform3D(0.9825408, -0.16863364, 0.07860506, 0.13825935, 0.9444851, 0.29804406, -0.124500416, -0.28197423, 0.9513161, -0.0066652, 0.11516102, -0.006066084)
shape = SubResource("CapsuleShape3D_cg0of")

[node name="Physical Bone Foot_L" type="PhysicalBone3D" parent="ape/Armature/Skeleton3D/PhysicalBoneSimulator3D" unique_id=832323799]
transform = Transform3D(0.19596346, 0.4382566, 0.8772284, 0.8772283, -0.47815132, 0.04291729, 0.43825665, 0.7611193, -0.47815126, 0.28805977, 0.100106865, -0.4246434)
collision_layer = 4
joint_type = 3
joint_offset = Transform3D(0.9999998, 0, 0, 0, -4.3711385e-08, -0.99999976, 0, 0.99999994, -4.3711378e-08, 0, 0, 0)
joint_rotation = Vector3(1.5707964, 0, 0)
body_offset = Transform3D(1.0000007, -6.854534e-07, 1.0430813e-07, 0, 1.0000006, -2.9802322e-07, 0, 2.9802322e-08, 1.0000002, 0, 0, 0)
friction = 0.4
bounce = 0.2
can_sleep = false
bone_name = "Foot_L"
joint_constraints/angular_limit_enabled = true
joint_constraints/angular_limit_upper = 45.0
joint_constraints/angular_limit_lower = -45.0
joint_constraints/angular_limit_bias = 0.3
joint_constraints/angular_limit_softness = 0.9
joint_constraints/angular_limit_relaxation = 1.0

[node name="CollisionShape3D" type="CollisionShape3D" parent="ape/Armature/Skeleton3D/PhysicalBoneSimulator3D/Physical Bone Foot_L" unique_id=1072678156]
transform = Transform3D(0.9713967, 0.217967, 0.094078965, -0.23672527, 0.9195075, 0.31364065, -0.018131174, -0.32694295, 0.94483244, 0.02177582, 0.15250975, -0.09440869)
shape = SubResource("CapsuleShape3D_6yin8")

[node name="Physical Bone Thigh_R" type="PhysicalBone3D" parent="ape/Armature/Skeleton3D/PhysicalBoneSimulator3D" unique_id=1470890017]
transform = Transform3D(0.9339085, -0.20746462, -0.2911586, -0.29115894, -0.91396135, -0.2826679, -0.2074641, 0.34875935, -0.91396147, -0.17661567, 0.6717452, -0.32029486)
visible = false
collision_layer = 4
joint_type = 2
body_offset = Transform3D(1.0000002, 2.2351742e-07, 5.066395e-07, 1.3411045e-07, 1.000001, 4.4703484e-07, -4.4703484e-07, -2.682209e-07, 1.0000004, 0, 0, 0)
friction = 0.4
bounce = 0.2
can_sleep = false
bone_name = "Thigh_R"
joint_constraints/swing_span = 65.0
joint_constraints/twist_span = 19.999998
joint_constraints/bias = 0.3
joint_constraints/softness = 0.8
joint_constraints/relaxation = 1.0

[node name="CollisionShape3D2" type="CollisionShape3D" parent="ape/Armature/Skeleton3D/PhysicalBoneSimulator3D/Physical Bone Thigh_R" unique_id=2027000934]
transform = Transform3D(0.9937549, 0.102915734, 0.043105483, -0.10113806, 0.9940035, -0.041582793, -0.0471265, 0.036963552, 0.9982048, -0.029236495, 0.0947904, -0.028483108)
shape = SubResource("CapsuleShape3D_ah3bo")

[node name="Physical Bone Shin_R" type="PhysicalBone3D" parent="ape/Armature/Skeleton3D/PhysicalBoneSimulator3D" unique_id=885834896]
transform = Transform3D(0.9937741, -0.10313229, -0.04215124, -0.04215154, -0.6982414, 0.71462035, -0.10313217, -0.7083944, -0.6982415, -0.25394318, 0.3310883, -0.19030337)
visible = false
collision_layer = 4
joint_type = 3
joint_offset = Transform3D(-4.37113e-08, 0, 0.999998, 0, 0.9999973, 0, -0.999998, 0, -4.37113e-08, 0, 0, 0)
joint_rotation = Vector3(0, 1.5707964, 0)
body_offset = Transform3D(1.0000001, -1.4901161e-08, -2.9802322e-08, -7.450581e-09, 1.0000005, -5.9604645e-07, 0, 2.9802322e-08, 1.0000008, 0, 0, 0)
friction = 0.4
bounce = 0.2
can_sleep = false
bone_name = "Shin_R"
joint_constraints/angular_limit_enabled = true
joint_constraints/angular_limit_upper = 45.0
joint_constraints/angular_limit_lower = -45.0
joint_constraints/angular_limit_bias = 0.3
joint_constraints/angular_limit_softness = 0.9
joint_constraints/angular_limit_relaxation = 1.0

[node name="CollisionShape3D2" type="CollisionShape3D" parent="ape/Armature/Skeleton3D/PhysicalBoneSimulator3D/Physical Bone Shin_R" unique_id=239206183]
transform = Transform3D(0.9825408, -0.16863364, 0.07860506, 0.13825935, 0.9444851, 0.29804406, -0.124500416, -0.28197423, 0.9513161, -0.0066652, 0.11516102, -0.006066084)
shape = SubResource("CapsuleShape3D_cg0of")

[node name="Physical Bone Foot_R" type="PhysicalBone3D" parent="ape/Armature/Skeleton3D/PhysicalBoneSimulator3D" unique_id=1141547200]
transform = Transform3D(0.19596307, -0.43825665, -0.87722826, -0.8772283, -0.47815126, 0.042917766, -0.43825686, 0.7611191, -0.47815114, -0.28805977, 0.100106895, -0.4246434)
visible = false
collision_layer = 4
joint_type = 3
joint_offset = Transform3D(0.9999998, 0, 0, 0, -4.3711385e-08, -0.99999976, 0, 0.99999994, -4.3711378e-08, 0, 0, 0)
joint_rotation = Vector3(1.5707964, 0, 0)
body_offset = Transform3D(1.0000008, 7.4505806e-07, -5.2154064e-07, 2.9802322e-08, 1.0000006, -4.4703484e-07, 4.4703484e-07, 1.4901161e-07, 1.0000002, 0, 0, 0)
friction = 0.4
bounce = 0.2
can_sleep = false
bone_name = "Foot_R"
joint_constraints/angular_limit_enabled = true
joint_constraints/angular_limit_upper = 45.0
joint_constraints/angular_limit_lower = -45.0
joint_constraints/angular_limit_bias = 0.3
joint_constraints/angular_limit_softness = 0.9
joint_constraints/angular_limit_relaxation = 1.0

[node name="CollisionShape3D" type="CollisionShape3D" parent="ape/Armature/Skeleton3D/PhysicalBoneSimulator3D/Physical Bone Foot_R" unique_id=1514480284]
transform = Transform3D(0.9713967, 0.217967, 0.094078965, -0.23672527, 0.9195075, 0.31364065, -0.018131174, -0.32694295, 0.94483244, 0.02177582, 0.15250975, -0.09440869)
shape = SubResource("CapsuleShape3D_6yin8")

[node name="Input" type="Node" parent="." unique_id=1747756723]
script = ExtResource("3_g8e4n")
mouse_sensitivity = 0.004

[node name="PlayerState" type="Node" parent="." unique_id=470263508]
script = ExtResource("6_n5wll")

[node name="MultiplayerSynchronizer" type="MultiplayerSynchronizer" parent="." unique_id=443644968]
replication_config = SubResource("SceneReplicationConfig_wppca")

[node name="LookPivot" type="Node3D" parent="." unique_id=1002062123 node_paths=PackedStringArray("input")]
transform = Transform3D(1, 0, 0, 0, 1.0000006, 0, 0, 0, 0.9999994, 0, 1.234893, 0)
script = ExtResource("3_54pyi")
input = NodePath("../Input")

[node name="Camera3D" type="Camera3D" parent="LookPivot" unique_id=284677569]
transform = Transform3D(1, 0, 0, 0, 0.9818363, 0.18972951, 0, -0.18972951, 0.9818363, 0, 0.775, 2.234)

[node name="LookAtMe" type="Marker3D" parent="LookPivot" unique_id=1233610402]
transform = Transform3D(1, 0, 0, 0, 1, 0, 0, 0, 1, -1.5263352e-07, -0.42456383, -1.8365661)

[connection signal="body_entered" from="ape/Armature/Skeleton3D/PhysicalBoneSimulator3D/Physical Bone Spine/PushablePusher" to="ape/Armature/Skeleton3D/PhysicalBoneSimulator3D/Physical Bone Spine/PushablePusher" method="_on_body_entered"]

[editable path="ape"]
