[gd_scene format=3 uid="uid://k3y73rql2u6e"]

[ext_resource type="Script" uid="uid://lgmqlkuewowp" path="res://ape/scripts/ape_body.gd" id="1_tksy4"]
[ext_resource type="PackedScene" uid="uid://3hwk02h2rtte" path="res://ape/visuals/ape.blend" id="2_wppca"]
[ext_resource type="Script" uid="uid://c5ogdg5hcnibf" path="res://ape/scripts/camera_pivot.gd" id="3_54pyi"]
[ext_resource type="Script" uid="uid://cx8kgedu08ol2" path="res://randomize_color.gd" id="3_c5vop"]
[ext_resource type="Script" uid="uid://dr0wqty80sjn7" path="res://ape/scripts/ape_input.gd" id="3_g8e4n"]
[ext_resource type="Script" uid="uid://bb6okqe1l22n5" path="res://ape/scripts/ragdoll.gd" id="3_n5wll"]
[ext_resource type="Script" uid="uid://4p57jdyc06ob" path="res://ape/scripts/hand_ray_cast.gd" id="3_vurlm"]
[ext_resource type="PackedScene" uid="uid://cjb4ki0ugb5qx" path="res://ape/voice.tscn" id="4_yop2s"]
[ext_resource type="Script" uid="uid://dnm8oseo2h6ro" path="res://ape/scripts/player_state.gd" id="6_n5wll"]
[ext_resource type="Script" uid="uid://qqt81cqdd6n8" path="res://ape/scripts/rigid_body_hitbox.gd" id="7_n5wll"]
[ext_resource type="Script" uid="uid://trfwgwd6pb83" path="res://ape/scripts/grabbo.gd" id="8_pe46d"]
[ext_resource type="Script" uid="uid://c5gwdr6pcl066" path="res://ape/scripts/authority_manager.gd" id="10_pb1wn"]

[sub_resource type="CapsuleShape3D" id="CapsuleShape3D_t2650"]
height = 1.0

[sub_resource type="SceneReplicationConfig" id="SceneReplicationConfig_c5vop"]
properties/0/path = NodePath(".:instance_shader_parameters/black_color")
properties/0/spawn = true
properties/0/replication_mode = 1
properties/1/path = NodePath(".:instance_shader_parameters/red_color")
properties/1/spawn = true
properties/1/replication_mode = 1

[sub_resource type="CapsuleShape3D" id="CapsuleShape3D_wppca"]
radius = 0.24804688
height = 0.49609375

[sub_resource type="SceneReplicationConfig" id="SceneReplicationConfig_pb1wn"]
properties/0/path = NodePath(".:global_transform")
properties/0/spawn = true
properties/0/replication_mode = 1
properties/1/path = NodePath(".:linear_velocity")
properties/1/spawn = true
properties/1/replication_mode = 1
properties/2/path = NodePath(".:angular_velocity")
properties/2/spawn = true
properties/2/replication_mode = 1

[sub_resource type="CapsuleShape3D" id="CapsuleShape3D_54pyi"]
radius = 0.2758789
height = 0.7727051

[sub_resource type="CylinderShape3D" id="CylinderShape3D_n5wll"]
height = 1.0
radius = 0.65

[sub_resource type="CapsuleShape3D" id="CapsuleShape3D_n5wll"]
radius = 0.17919922
height = 0.44213867

[sub_resource type="CapsuleShape3D" id="CapsuleShape3D_pe46d"]
radius = 0.1875
height = 0.44909668

[sub_resource type="CapsuleShape3D" id="CapsuleShape3D_vurlm"]
radius = 0.18408203
height = 0.41308594

[sub_resource type="CapsuleShape3D" id="CapsuleShape3D_pb1wn"]
radius = 0.12597656
height = 0.508448

[sub_resource type="CapsuleShape3D" id="CapsuleShape3D_c5vop"]
radius = 0.08935547
height = 0.4451279

[sub_resource type="CapsuleShape3D" id="CapsuleShape3D_yop2s"]
radius = 0.079589844
height = 0.33251953

[sub_resource type="CapsuleShape3D" id="CapsuleShape3D_ah3bo"]
radius = 0.123046875
height = 0.5633161

[sub_resource type="CapsuleShape3D" id="CapsuleShape3D_cg0of"]
radius = 0.08886719
height = 0.38058397

[sub_resource type="CapsuleShape3D" id="CapsuleShape3D_6yin8"]
radius = 0.080078125
height = 0.35131836

[sub_resource type="JointLimitationCone3D" id="JointLimitationCone3D_c5vop"]
angle = 0.7171558

[sub_resource type="JointLimitationCone3D" id="JointLimitationCone3D_yop2s"]
angle = 2.4282765

[sub_resource type="JointLimitationCone3D" id="JointLimitationCone3D_6yin8"]
angle = 3.4623842

[sub_resource type="SceneReplicationConfig" id="SceneReplicationConfig_wppca"]
properties/0/path = NodePath(".:transform")
properties/0/spawn = true
properties/0/replication_mode = 1
properties/1/path = NodePath(".:velocity")
properties/1/spawn = true
properties/1/replication_mode = 1
properties/2/path = NodePath("ape:transform")
properties/2/spawn = true
properties/2/replication_mode = 1
properties/3/path = NodePath("PlayerState:current_state")
properties/3/spawn = true
properties/3/replication_mode = 1
properties/4/path = NodePath("LookPivot:rotation")
properties/4/spawn = true
properties/4/replication_mode = 1
properties/5/path = NodePath("ape/Armature/Skeleton3D/ArmRightIK:influence")
properties/5/spawn = true
properties/5/replication_mode = 1
properties/6/path = NodePath("HangJointRight:transform")
properties/6/spawn = true
properties/6/replication_mode = 1
properties/7/path = NodePath("HangJointRight:node_a")
properties/7/spawn = true
properties/7/replication_mode = 1
properties/8/path = NodePath("HangJointRight:node_b")
properties/8/spawn = true
properties/8/replication_mode = 1
properties/9/path = NodePath("HangJointLeft:transform")
properties/9/spawn = true
properties/9/replication_mode = 1
properties/10/path = NodePath("HangJointLeft:node_a")
properties/10/spawn = true
properties/10/replication_mode = 1
properties/11/path = NodePath("HangJointLeft:node_b")
properties/11/spawn = true
properties/11/replication_mode = 1
properties/12/path = NodePath("ape/Armature/Skeleton3D/ArmLeftIK:influence")
properties/12/spawn = true
properties/12/replication_mode = 1
properties/13/path = NodePath("ape/Armature/Skeleton3D/Ragdoll:influence")
properties/13/spawn = true
properties/13/replication_mode = 1

[node name="Player" type="CharacterBody3D" unique_id=1802699836 node_paths=PackedStringArray("input", "camera", "look", "model", "state")]
collision_layer = 2
collision_mask = 3
floor_max_angle = 0.9599311
script = ExtResource("1_tksy4")
jump_boost = 0.5
ground_rotation_speed = 5.0
input = NodePath("Input")
camera = NodePath("LookPivot/Camera3D")
look = NodePath("LookPivot")
model = NodePath("ape")
state = NodePath("PlayerState")

[node name="CollisionShape3D" type="CollisionShape3D" parent="." unique_id=971283472]
transform = Transform3D(1, 0, 0, 0, 1, 0, 0, 0, 1, 0, 0.5, 0)
shape = SubResource("CapsuleShape3D_t2650")

[node name="ape" parent="." unique_id=1644704873 instance=ExtResource("2_wppca")]
transform = Transform3D(-1, 0, -8.742278e-08, 0, 1, 0, 8.742278e-08, 0, -1, 0, 0, 0)

[node name="Ape" parent="ape/Armature/Skeleton3D" parent_id_path=PackedInt32Array(1644704873, 1728891948) index="0" unique_id=647221493]
instance_shader_parameters/black_color = Color(0.10078552, 0.081280164, 0.04801028, 1)
instance_shader_parameters/red_color = Color(0.33666193, 0.247405, 0.18645273, 1)
script = ExtResource("3_c5vop")
black_color = Color(0.10078552, 0.081280164, 0.04801028, 1)
red_color = Color(0.33666193, 0.247405, 0.18645273, 1)
black_val = Vector2(-0.1, 0.1)

[node name="ColorSynchronizer" type="MultiplayerSynchronizer" parent="ape/Armature/Skeleton3D/Ape" index="0" unique_id=1049499879]
replication_config = SubResource("SceneReplicationConfig_c5vop")

[node name="Head" type="BoneAttachment3D" parent="ape/Armature/Skeleton3D" parent_id_path=PackedInt32Array(1644704873, 1728891948) index="1" unique_id=1092656707]
transform = Transform3D(1, -3.5298882e-09, 6.766311e-10, 4.3172244e-10, -0.06892535, -0.9976208, 3.5681307e-09, 0.9976214, -0.0689258, -7.7481976e-10, 0.8913451, 0.4704188)
bone_name = "Head"
bone_idx = 13

[node name="Voice" parent="ape/Armature/Skeleton3D/Head" unique_id=563546600 instance=ExtResource("4_yop2s")]
transform = Transform3D(1, -7.1054274e-15, 1.3322676e-15, 0, 1.0000006, 4.8428774e-07, -8.881784e-16, 0, 1.0000011, -2.7842184e-08, 0.31822205, -0.22654462)

[node name="Hand_R" type="BoneAttachment3D" parent="ape/Armature/Skeleton3D" parent_id_path=PackedInt32Array(1644704873, 1728891948) index="2" unique_id=1106184745]
transform = Transform3D(0.9107116, -0.122873604, -0.3943423, -0.3655343, 0.20478383, -0.9079903, 0.19232312, 0.9710637, 0.14158438, -0.3385246, 0.99617803, 1.1544291)
bone_name = "Hand_R"
bone_idx = 29

[node name="HoldingSpaceRight" type="Marker3D" parent="ape/Armature/Skeleton3D/Hand_R" unique_id=1326193733]
transform = Transform3D(1.0000001, -7.450581e-09, 0, 7.450581e-09, 1.0000001, 0, 0, 2.9802322e-08, 1.0000001, -0.022767618, 0.06984773, 0.10899547)

[node name="Hand_L" type="BoneAttachment3D" parent="ape/Armature/Skeleton3D" parent_id_path=PackedInt32Array(1644704873, 1728891948) index="3" unique_id=1390141475]
transform = Transform3D(0.9107244, 0.12275088, 0.3943512, 0.36562124, 0.20447981, -0.9080238, -0.19209762, 0.9711434, 0.14134426, 0.33846256, 0.9960383, 1.1544747)
bone_name = "Hand_L"
bone_idx = 19

[node name="HoldingSpaceLeft" type="Marker3D" parent="ape/Armature/Skeleton3D/Hand_L" unique_id=793477630]
transform = Transform3D(1.0000001, -7.450581e-09, 0, 7.450581e-09, 1.0000001, 0, 0, 2.9802322e-08, 1.0000001, -0.022767618, 0.06984773, 0.10899547)

[node name="Spine" type="BoneAttachment3D" parent="ape/Armature/Skeleton3D" parent_id_path=PackedInt32Array(1644704873, 1728891948) index="4" unique_id=581318483]
transform = Transform3D(1, -1.1273468e-09, 3.582541e-10, 7.4077083e-10, 0.3607, -0.93268096, 9.222337e-10, 0.9326818, 0.36069995, 1.519627e-16, 0.81073767, -0.08194843)
bone_name = "Spine"
bone_idx = 11

[node name="RayCast3DRight" type="RayCast3D" parent="ape/Armature/Skeleton3D/Spine" unique_id=639199195 node_paths=PackedStringArray("target_child", "ignore_these")]
transform = Transform3D(-0.98752004, -0.15749215, -0.0008585282, -0.068309516, 0.43321922, -0.89869696, 0.14190944, -0.88742244, -0.43857116, -0.2635345, 0.2923331, 0.13016474)
target_position = Vector3(0, 0, -1.605)
collision_mask = 19
debug_shape_custom_color = Color(1, 0.3447545, 0.55754477, 1)
debug_shape_thickness = 5
script = ExtResource("3_vurlm")
target_child = NodePath("../../../../../LookPivot/HandTargetRight")
ignore_these = [NodePath("../../../../.."), NodePath("../../Ragdoll/Physical Bone Pelvis"), NodePath("../../Ragdoll/Physical Bone Spine"), NodePath("../../Ragdoll/Physical Bone Neck"), NodePath("../../Ragdoll/Physical Bone Head"), NodePath("../../Ragdoll/Physical Bone Shoulder_L"), NodePath("../../Ragdoll/Physical Bone Arm_Upper_L"), NodePath("../../Ragdoll/Physical Bone Arm_Lower_L"), NodePath("../../Ragdoll/Physical Bone Hand_L"), NodePath("../../Ragdoll/Physical Bone Shoulder_R"), NodePath("../../Ragdoll/Physical Bone Arm_Upper_R"), NodePath("../../Ragdoll/Physical Bone Arm_Lower_R"), NodePath("../../Ragdoll/Physical Bone Hand_R"), NodePath("../../Ragdoll/Physical Bone Thigh_L"), NodePath("../../Ragdoll/Physical Bone Shin_L"), NodePath("../../Ragdoll/Physical Bone Foot_L"), NodePath("../../Ragdoll/Physical Bone Thigh_R"), NodePath("../../Ragdoll/Physical Bone Shin_R"), NodePath("../../Ragdoll/Physical Bone Foot_R")]

[node name="RayCast3DLeft" type="RayCast3D" parent="ape/Armature/Skeleton3D/Spine" unique_id=1406225533 node_paths=PackedStringArray("target_child", "ignore_these")]
transform = Transform3D(-0.98752016, -0.15749215, -0.0008585282, -0.06830952, 0.43321922, -0.89869696, 0.14190944, -0.88742244, -0.43857116, 0.264, 0.292, 0.13)
target_position = Vector3(0, 0, -1.605)
collision_mask = 19
debug_shape_custom_color = Color(1, 0.3447545, 0.55754477, 1)
debug_shape_thickness = 5
script = ExtResource("3_vurlm")
target_child = NodePath("../../../../../LookPivot/HandTargetLeft")
ignore_these = [NodePath("../../../../.."), NodePath("../../Ragdoll/Physical Bone Pelvis"), NodePath("../../Ragdoll/Physical Bone Spine"), NodePath("../../Ragdoll/Physical Bone Neck"), NodePath("../../Ragdoll/Physical Bone Head"), NodePath("../../Ragdoll/Physical Bone Shoulder_L"), NodePath("../../Ragdoll/Physical Bone Arm_Upper_L"), NodePath("../../Ragdoll/Physical Bone Arm_Lower_L"), NodePath("../../Ragdoll/Physical Bone Hand_L"), NodePath("../../Ragdoll/Physical Bone Shoulder_R"), NodePath("../../Ragdoll/Physical Bone Arm_Upper_R"), NodePath("../../Ragdoll/Physical Bone Arm_Lower_R"), NodePath("../../Ragdoll/Physical Bone Hand_R"), NodePath("../../Ragdoll/Physical Bone Thigh_L"), NodePath("../../Ragdoll/Physical Bone Shin_L"), NodePath("../../Ragdoll/Physical Bone Foot_L"), NodePath("../../Ragdoll/Physical Bone Thigh_R"), NodePath("../../Ragdoll/Physical Bone Shin_R"), NodePath("../../Ragdoll/Physical Bone Foot_R")]

[node name="SpineLookAt" type="LookAtModifier3D" parent="ape/Armature/Skeleton3D" parent_id_path=PackedInt32Array(1644704873, 1728891948) index="5" unique_id=360982078]
transform = Transform3D(0.9999139, 0, 0.013124499, 0, 1, 0, -0.013124499, 0, 0.9999139, 0, 0, 0)
influence = 0.25
target_node = NodePath("../../../../LookPivot/LookAtMe")
bone_name = "Spine"
bone = 11
forward_axis = 2
primary_rotation_axis = 2
relative = true
duration = 0.15
transition_type = 1
ease_type = 2

[node name="NeckLookAt" type="LookAtModifier3D" parent="ape/Armature/Skeleton3D" parent_id_path=PackedInt32Array(1644704873, 1728891948) index="6" unique_id=415999757]
influence = 0.25
target_node = NodePath("../../../../LookPivot/LookAtMe")
bone_name = "Neck"
bone = 12
forward_axis = 2
primary_rotation_axis = 0
relative = true
duration = 0.15
transition_type = 1
ease_type = 2

[node name="HeadLookAt" type="LookAtModifier3D" parent="ape/Armature/Skeleton3D" parent_id_path=PackedInt32Array(1644704873, 1728891948) index="7" unique_id=1610885507]
influence = 0.5
target_node = NodePath("../../../../LookPivot/LookAtMe")
bone_name = "Head"
bone = 13
forward_axis = 2
primary_rotation_axis = 2
relative = true
duration = 0.15
transition_type = 1
ease_type = 2

[node name="Ragdoll" type="PhysicalBoneSimulator3D" parent="ape/Armature/Skeleton3D" parent_id_path=PackedInt32Array(1644704873, 1728891948) index="8" unique_id=589803041 node_paths=PackedStringArray("input", "state", "ape", "skeleton", "look_pivot", "pelvis")]
influence = 0.0
script = ExtResource("3_n5wll")
swing_power = 2.5
get_up_speed = 2.5
input = NodePath("../../../../Input")
state = NodePath("../../../../PlayerState")
ape = NodePath("../../../..")
skeleton = NodePath("..")
look_pivot = NodePath("../../../../LookPivot")
pelvis = NodePath("Physical Bone Pelvis")

[node name="Physical Bone Pelvis" type="PhysicalBone3D" parent="ape/Armature/Skeleton3D/Ragdoll" unique_id=406821728]
transform = Transform3D(1, 9.2370556e-14, 1.2434498e-14, -9.138185e-15, 0.20112029, -0.97956663, -9.947598e-14, 0.97956663, 0.20112027, 0, 0.74672455, -0.39372757)
collision_layer = 4
joint_type = 2
body_offset = Transform3D(1, 9.2370556e-14, 1.2434498e-14, -9.947598e-14, 1.0000001, -1.4901161e-08, -1.0658141e-14, 0, 1.0000011, 0, 0, 0)
friction = 0.4
bounce = 0.2
bone_name = "Pelvis"
joint_constraints/swing_span = 9.999996
joint_constraints/twist_span = 180.0
joint_constraints/bias = 0.3
joint_constraints/softness = 0.8
joint_constraints/relaxation = 1.0

[node name="CollisionShape3D" type="CollisionShape3D" parent="ape/Armature/Skeleton3D/Ragdoll/Physical Bone Pelvis" unique_id=1414895023]
transform = Transform3D(1, 1.7763568e-15, -7.1054274e-15, 0, 0, 1, 0, -1, 0, -1.5464547e-08, 0.1585498, 0.107316256)
shape = SubResource("CapsuleShape3D_wppca")

[node name="MultiplayerSynchronizer" type="MultiplayerSynchronizer" parent="ape/Armature/Skeleton3D/Ragdoll/Physical Bone Pelvis" unique_id=233682832]
replication_config = SubResource("SceneReplicationConfig_pb1wn")

[node name="Physical Bone Spine" type="PhysicalBone3D" parent="ape/Armature/Skeleton3D/Ragdoll" unique_id=1598314396]
transform = Transform3D(1, -1.1277166e-09, 3.5827696e-10, 7.40924e-10, 0.36069977, -0.93268204, 9.225687e-10, 0.93268204, 0.36069977, 0, 0.81073767, -0.08194843)
collision_layer = 4
joint_type = 2
body_offset = Transform3D(1, -3.6948222e-13, 1.7763568e-14, 3.6948222e-13, 1.0000001, -5.662441e-07, -2.1316282e-14, 2.9802322e-07, 1.000001, 0, 0, 0)
friction = 0.4
bounce = 0.2
bone_name = "Spine"
joint_constraints/swing_span = 4.999998
joint_constraints/twist_span = 39.999985
joint_constraints/bias = 0.3
joint_constraints/softness = 0.01
joint_constraints/relaxation = 1.0

[node name="CollisionShape3D" type="CollisionShape3D" parent="ape/Armature/Skeleton3D/Ragdoll/Physical Bone Spine" unique_id=445052303]
transform = Transform3D(1, -5.8051013e-09, -6.5356427e-09, 8.688437e-09, 0.7423152, 0.6700509, 9.617911e-10, -0.670051, 0.74231505, -6.4028205e-10, 0.13475418, 0.14868477)
shape = SubResource("CapsuleShape3D_54pyi")

[node name="PushablePusher" type="Area3D" parent="ape/Armature/Skeleton3D/Ragdoll/Physical Bone Spine" unique_id=1087675309 node_paths=PackedStringArray("ape", "state", "ragdoll")]
transform = Transform3D(1, 2.506422e-07, -7.6170545e-07, 6.9034286e-07, 0.25881898, 0.96592563, 4.2369356e-07, -0.9659257, 0.25881916, -1.8626451e-07, -0.07860902, 0.65487623)
collision_layer = 8
collision_mask = 16
script = ExtResource("7_n5wll")
ape = NodePath("../../../../../..")
state = NodePath("../../../../../../PlayerState")
ragdoll = NodePath("../..")

[node name="CollisionShape3D" type="CollisionShape3D" parent="ape/Armature/Skeleton3D/Ragdoll/Physical Bone Spine/PushablePusher" unique_id=2006120402]
transform = Transform3D(1, -1.3344106e-08, -3.4924597e-09, -1.6356353e-08, 1.0000001, 0, 0, 1.4901161e-08, 1, 1.9878149e-05, 0.49638686, 0.018573403)
shape = SubResource("CylinderShape3D_n5wll")

[node name="MultiplayerSynchronizer" type="MultiplayerSynchronizer" parent="ape/Armature/Skeleton3D/Ragdoll/Physical Bone Spine" unique_id=403126397]
replication_config = SubResource("SceneReplicationConfig_pb1wn")

[node name="Physical Bone Neck" type="PhysicalBone3D" parent="ape/Armature/Skeleton3D/Ragdoll" unique_id=1219001923]
transform = Transform3D(1, -1.6763764e-09, 1.0373977e-09, 5.725942e-10, -0.25655392, -0.96652997, 1.88642e-09, 0.96652997, -0.25655392, -4.2113513e-10, 0.9454817, 0.26646692)
collision_layer = 4
collision_mask = 17
joint_type = 2
body_offset = Transform3D(1, -2.7000624e-13, 0, 2.629008e-13, 1.0000006, 7.003546e-07, 1.7763568e-15, 0, 1.000001, 0, 0, 0)
friction = 0.4
bounce = 0.2
bone_name = "Neck"
joint_constraints/swing_span = 19.999992
joint_constraints/twist_span = 24.999996
joint_constraints/bias = 0.3
joint_constraints/softness = 0.8
joint_constraints/relaxation = 1.0

[node name="CollisionShape3D" type="CollisionShape3D" parent="ape/Armature/Skeleton3D/Ragdoll/Physical Bone Neck" unique_id=465597284]
transform = Transform3D(1, 0, 6.170012e-09, 5.5879354e-09, 1, 0, -4.0978193e-08, 0, 1.0000001, -7.450581e-09, 0.10449882, 0.0872857)
shape = SubResource("CapsuleShape3D_n5wll")

[node name="MultiplayerSynchronizer" type="MultiplayerSynchronizer" parent="ape/Armature/Skeleton3D/Ragdoll/Physical Bone Neck" unique_id=1402948407]
replication_config = SubResource("SceneReplicationConfig_pb1wn")

[node name="Physical Bone Head" type="PhysicalBone3D" parent="ape/Armature/Skeleton3D/Ragdoll" unique_id=1121487032]
transform = Transform3D(1, -3.5298058e-09, 6.766756e-10, 4.31773e-10, -0.06892554, -0.9976218, 3.5680543e-09, 0.9976218, -0.06892554, -7.7481843e-10, 0.8913451, 0.4704188)
collision_layer = 4
collision_mask = 17
joint_type = 2
body_offset = Transform3D(1, 7.81597e-14, 4.6185278e-14, -7.81597e-14, 1.0000005, 3.2037497e-07, -4.52971e-14, 1.6391277e-07, 1.0000011, 0, 0, 0)
friction = 0.4
bounce = 0.2
bone_name = "Head"
joint_constraints/swing_span = 24.999996
joint_constraints/twist_span = 19.999992
joint_constraints/bias = 0.3
joint_constraints/softness = 0.8
joint_constraints/relaxation = 1.0

[node name="CollisionShape3D" type="CollisionShape3D" parent="ape/Armature/Skeleton3D/Ragdoll/Physical Bone Head" unique_id=600854772]
transform = Transform3D(0.99994695, -0.0021346174, -0.010077274, 0.00027098507, 0.98340607, -0.18141994, 0.010297311, 0.18140763, 0.9833542, -9.849668e-06, 0.15853629, 0.031226516)
shape = SubResource("CapsuleShape3D_pe46d")

[node name="MultiplayerSynchronizer" type="MultiplayerSynchronizer" parent="ape/Armature/Skeleton3D/Ragdoll/Physical Bone Head" unique_id=2111483904]
replication_config = SubResource("SceneReplicationConfig_pb1wn")

[node name="Physical Bone Shoulder_L" type="PhysicalBone3D" parent="ape/Armature/Skeleton3D/Ragdoll" unique_id=1011885616]
transform = Transform3D(0.10892135, 0.9169507, 0.3838457, 0.26837462, -0.39892977, 0.8768296, 0.957137, 0.0075089796, -0.2895383, -4.2113513e-10, 0.9454817, 0.26646692)
collision_layer = 4
collision_mask = 17
joint_type = 2
joint_offset = Transform3D(0.9999979, 0, 0, 0, 0.99999756, 0, 0, 0, 0.99999845, 0, 0, 0)
body_offset = Transform3D(1.0000002, 1.3485551e-06, 4.172325e-07, -1.4081597e-06, 1.0000002, -3.967667e-06, -3.5762787e-07, 3.2985117e-06, 1.000001, 0, 0, 0)
friction = 0.4
bounce = 0.2
bone_name = "Shoulder_L"
joint_constraints/swing_span = 9.999996
joint_constraints/twist_span = 4.999998
joint_constraints/bias = 0.3
joint_constraints/softness = 0.8
joint_constraints/relaxation = 1.0

[node name="CollisionShape3D" type="CollisionShape3D" parent="ape/Armature/Skeleton3D/Ragdoll/Physical Bone Shoulder_L" unique_id=1065188310]
transform = Transform3D(1.0000013, 6.482005e-07, 0, -9.313226e-10, 1.0000005, 6.519258e-09, 0, -1.9324943e-07, 1.0000004, 0.0056129694, 0.18636844, -0.07021457)
shape = SubResource("CapsuleShape3D_vurlm")

[node name="MultiplayerSynchronizer" type="MultiplayerSynchronizer" parent="ape/Armature/Skeleton3D/Ragdoll/Physical Bone Shoulder_L" unique_id=155865235]
replication_config = SubResource("SceneReplicationConfig_pb1wn")

[node name="Physical Bone Arm_Upper_L" type="PhysicalBone3D" parent="ape/Armature/Skeleton3D/Ragdoll" unique_id=501162425]
transform = Transform3D(0.8511537, 0.3414102, 0.39871848, 0.29295143, -0.93924576, 0.17887652, 0.4355649, -0.03544626, -0.89945906, 0.22062325, 0.84949625, 0.26827353)
collision_layer = 4
collision_mask = 17
joint_type = 2
body_offset = Transform3D(1.0000002, -1.8253922e-07, 3.874302e-07, -1.7508864e-07, 1.000001, -1.3969839e-06, -1.1920929e-07, 7.674098e-07, 1.0000002, 0, 0, 0)
friction = 0.4
bounce = 0.2
bone_name = "Arm_Upper_L"
joint_constraints/swing_span = 45.0
joint_constraints/twist_span = 45.0
joint_constraints/bias = 0.3
joint_constraints/softness = 0.8
joint_constraints/relaxation = 1.0

[node name="CollisionShape3D" type="CollisionShape3D" parent="ape/Armature/Skeleton3D/Ragdoll/Physical Bone Arm_Upper_L" unique_id=1140243226]
transform = Transform3D(0.9999997, 1.4882535e-06, 1.9669533e-06, -3.259629e-08, 0.99999535, 1.3299286e-06, 1.7881393e-07, -3.091991e-07, 0.9999914, -0.014738202, 0.2557823, -0.013592303)
shape = SubResource("CapsuleShape3D_pb1wn")

[node name="MultiplayerSynchronizer" type="MultiplayerSynchronizer" parent="ape/Armature/Skeleton3D/Ragdoll/Physical Bone Arm_Upper_L" unique_id=856081763]
replication_config = SubResource("SceneReplicationConfig_pb1wn")

[node name="Physical Bone Arm_Lower_L" type="PhysicalBone3D" parent="ape/Armature/Skeleton3D/Ragdoll" unique_id=1790107468]
transform = Transform3D(0.8710242, -0.24382356, -0.4264586, -0.39398855, -0.86525804, -0.31000248, -0.2934108, 0.43803948, -0.84972435, 0.38819513, 0.38849288, 0.2508761)
collision_layer = 4
collision_mask = 17
joint_type = 3
joint_offset = Transform3D(-4.3711143e-08, 0.70710254, 0.7071023, 0, 0.7071026, -0.70710224, -0.9999944, -3.0908435e-08, -3.0908424e-08, 0, 0, 0)
joint_rotation = Vector3(0.7853981, 1.5707964, 0)
body_offset = Transform3D(1.0000004, 5.811453e-07, -8.940697e-08, 0, 1.0000008, -3.1888485e-06, 1.7881393e-07, 3.516674e-06, 1.0000001, 0, 0, 0)
friction = 0.4
bounce = 0.2
bone_name = "Arm_Lower_L"
joint_constraints/angular_limit_enabled = true
joint_constraints/angular_limit_upper = 45.0
joint_constraints/angular_limit_lower = -45.0
joint_constraints/angular_limit_bias = 0.3
joint_constraints/angular_limit_softness = 0.9
joint_constraints/angular_limit_relaxation = 1.0

[node name="CollisionShape3D" type="CollisionShape3D" parent="ape/Armature/Skeleton3D/Ragdoll/Physical Bone Arm_Lower_L" unique_id=271854951]
transform = Transform3D(0.9883681, 0.09372162, -0.11977059, -0.112443835, 0.9806004, -0.16057971, 0.10239717, 0.17217852, 0.9797324, 0.015596829, 0.21193166, -0.00060778856)
shape = SubResource("CapsuleShape3D_c5vop")

[node name="MultiplayerSynchronizer" type="MultiplayerSynchronizer" parent="ape/Armature/Skeleton3D/Ragdoll/Physical Bone Arm_Lower_L" unique_id=1128995547]
replication_config = SubResource("SceneReplicationConfig_pb1wn")

[node name="Physical Bone Hand_L" type="PhysicalBone3D" parent="ape/Armature/Skeleton3D/Ragdoll" unique_id=711070125]
transform = Transform3D(0.9517933, -0.18367322, -0.24566998, -0.22126274, -0.9658029, -0.13515797, -0.2124439, 0.18300007, -0.95988464, 0.29831237, 0.069524586, 0.41235614)
collision_layer = 4
collision_mask = 17
joint_type = 3
joint_offset = Transform3D(0.9999998, 0, 0, 0, -4.3711385e-08, -0.99999976, 0, 0.99999994, -4.3711378e-08, 0, 0, 0)
joint_rotation = Vector3(1.5707964, 0, 0)
body_offset = Transform3D(1.0000004, 1.0952353e-06, 2.0563602e-06, -7.4505806e-07, 1.0000012, 1.758337e-06, -2.026558e-06, -1.8775463e-06, 1, 0, 0, 0)
friction = 0.4
bounce = 0.2
bone_name = "Hand_L"
joint_constraints/angular_limit_enabled = true
joint_constraints/angular_limit_upper = 45.0
joint_constraints/angular_limit_lower = -45.0
joint_constraints/angular_limit_bias = 0.3
joint_constraints/angular_limit_softness = 0.9
joint_constraints/angular_limit_relaxation = 1.0

[node name="CollisionShape3D" type="CollisionShape3D" parent="ape/Armature/Skeleton3D/Ragdoll/Physical Bone Hand_L" unique_id=33125335]
transform = Transform3D(0.9975691, 0.05082817, -0.047361463, -0.059808567, 0.9751774, -0.21315739, 0.035351828, 0.21547428, 0.97586364, 0.009724602, 0.1448313, 0.04437065)
shape = SubResource("CapsuleShape3D_yop2s")

[node name="MultiplayerSynchronizer" type="MultiplayerSynchronizer" parent="ape/Armature/Skeleton3D/Ragdoll/Physical Bone Hand_L" unique_id=796366129]
replication_config = SubResource("SceneReplicationConfig_pb1wn")

[node name="Physical Bone Shoulder_R" type="PhysicalBone3D" parent="ape/Armature/Skeleton3D/Ragdoll" unique_id=1168480884]
transform = Transform3D(0.108918756, -0.91695714, -0.38383105, -0.26837602, -0.39891505, 0.8768358, -0.9571369, 0.007507185, -0.28953862, -4.2113513e-10, 0.9454817, 0.26646692)
collision_layer = 4
collision_mask = 17
joint_type = 2
joint_offset = Transform3D(0.9999979, 0, 0, 0, 0.99999756, 0, 0, 0, 0.99999845, 0, 0, 0)
body_offset = Transform3D(1.0000001, -4.285481e-06, -1.7881393e-07, 4.351139e-06, 1.0000004, -1.9750558e-05, 1.1920929e-07, 1.9175466e-05, 1.0000008, 0, 0, 0)
friction = 0.4
bounce = 0.2
bone_name = "Shoulder_R"
joint_constraints/swing_span = 9.999996
joint_constraints/twist_span = 4.999998
joint_constraints/bias = 0.3
joint_constraints/softness = 0.8
joint_constraints/relaxation = 1.0

[node name="CollisionShape3D2" type="CollisionShape3D" parent="ape/Armature/Skeleton3D/Ragdoll/Physical Bone Shoulder_R" unique_id=610839031]
transform = Transform3D(1.0000013, 6.482005e-07, 0, -9.313226e-10, 1.0000005, 6.519258e-09, 0, -1.9324943e-07, 1.0000004, 0.0056129694, 0.18636844, -0.07021457)
shape = SubResource("CapsuleShape3D_vurlm")

[node name="MultiplayerSynchronizer" type="MultiplayerSynchronizer" parent="ape/Armature/Skeleton3D/Ragdoll/Physical Bone Shoulder_R" unique_id=1077783923]
replication_config = SubResource("SceneReplicationConfig_pb1wn")

[node name="Physical Bone Arm_Upper_R" type="PhysicalBone3D" parent="ape/Armature/Skeleton3D/Ragdoll" unique_id=1907136194]
transform = Transform3D(0.8511538, -0.34140968, -0.39871868, -0.29295117, -0.93924606, 0.17887582, -0.4355649, -0.035445724, -0.8994592, -0.22062325, 0.84949625, 0.26827353)
collision_layer = 4
collision_mask = 17
joint_type = 2
body_offset = Transform3D(1.0000002, 4.3027103e-07, -2.9802322e-07, -9.406358e-08, 1.0000011, -6.631017e-07, 1.1920929e-07, 2.2351742e-08, 1.0000004, 0, 0, 0)
friction = 0.4
bounce = 0.2
bone_name = "Arm_Upper_R"
joint_constraints/swing_span = 45.0
joint_constraints/twist_span = 45.0
joint_constraints/bias = 0.3
joint_constraints/softness = 0.8
joint_constraints/relaxation = 1.0

[node name="CollisionShape3D2" type="CollisionShape3D" parent="ape/Armature/Skeleton3D/Ragdoll/Physical Bone Arm_Upper_R" unique_id=899928137]
transform = Transform3D(0.9999997, 1.4882535e-06, 1.9669533e-06, -3.259629e-08, 0.99999535, 1.3299286e-06, 1.7881393e-07, -3.091991e-07, 0.9999914, -0.014738202, 0.2557823, -0.013592303)
shape = SubResource("CapsuleShape3D_pb1wn")

[node name="MultiplayerSynchronizer" type="MultiplayerSynchronizer" parent="ape/Armature/Skeleton3D/Ragdoll/Physical Bone Arm_Upper_R" unique_id=1369422060]
replication_config = SubResource("SceneReplicationConfig_pb1wn")

[node name="Physical Bone Arm_Lower_R" type="PhysicalBone3D" parent="ape/Armature/Skeleton3D/Ragdoll" unique_id=1546893214]
transform = Transform3D(0.8710232, 0.24382286, 0.42646128, 0.39398944, -0.86525744, -0.31000307, 0.293413, 0.43804106, -0.8497228, -0.38819513, 0.38849288, 0.2508761)
collision_layer = 4
collision_mask = 17
joint_type = 3
joint_offset = Transform3D(-4.371105e-08, -0.7070998, 0.7070968, 0, 0.70709985, 0.70709676, -0.99999225, 3.0908314e-08, -3.0908183e-08, 0, 0, 0)
joint_rotation = Vector3(-0.7853981, 1.5707964, 0)
body_offset = Transform3D(1.0000005, -4.917383e-07, 2.7120113e-06, -5.9604645e-08, 1.000001, -1.3709068e-06, -2.771616e-06, 1.66893e-06, 1, 0, 0, 0)
friction = 0.4
bounce = 0.2
bone_name = "Arm_Lower_R"
joint_constraints/angular_limit_enabled = true
joint_constraints/angular_limit_upper = 45.0
joint_constraints/angular_limit_lower = -45.0
joint_constraints/angular_limit_bias = 0.3
joint_constraints/angular_limit_softness = 0.9
joint_constraints/angular_limit_relaxation = 1.0

[node name="CollisionShape3D2" type="CollisionShape3D" parent="ape/Armature/Skeleton3D/Ragdoll/Physical Bone Arm_Lower_R" unique_id=682743]
transform = Transform3D(0.9883681, 0.09372162, -0.11977059, -0.112443835, 0.9806004, -0.16057971, 0.10239717, 0.17217852, 0.9797324, 0.015596829, 0.21193166, -0.00060778856)
shape = SubResource("CapsuleShape3D_c5vop")

[node name="MultiplayerSynchronizer" type="MultiplayerSynchronizer" parent="ape/Armature/Skeleton3D/Ragdoll/Physical Bone Arm_Lower_R" unique_id=638530891]
replication_config = SubResource("SceneReplicationConfig_pb1wn")

[node name="Physical Bone Hand_R" type="PhysicalBone3D" parent="ape/Armature/Skeleton3D/Ragdoll" unique_id=1685063262]
transform = Transform3D(0.9517935, 0.18367378, 0.2456689, 0.2212629, -0.96580297, -0.13515705, 0.21244296, 0.18299899, -0.9598851, -0.29831237, 0.069524586, 0.41235614)
collision_layer = 4
collision_mask = 17
joint_type = 3
joint_offset = Transform3D(0.9999998, 0, 0, 0, -4.3711385e-08, -0.99999976, 0, 0.99999994, -4.3711378e-08, 0, 0, 0)
joint_rotation = Vector3(1.5707964, 0, 0)
body_offset = Transform3D(1.0000004, -7.972121e-07, -2.95043e-06, 4.3585896e-07, 1.0000012, 5.811453e-07, 2.95043e-06, -6.7055225e-07, 1, 0, 0, 0)
friction = 0.4
bounce = 0.2
bone_name = "Hand_R"
joint_constraints/angular_limit_enabled = true
joint_constraints/angular_limit_upper = 45.0
joint_constraints/angular_limit_lower = -45.0
joint_constraints/angular_limit_bias = 0.3
joint_constraints/angular_limit_softness = 0.9
joint_constraints/angular_limit_relaxation = 1.0

[node name="CollisionShape3D2" type="CollisionShape3D" parent="ape/Armature/Skeleton3D/Ragdoll/Physical Bone Hand_R" unique_id=1149378107]
transform = Transform3D(0.9975691, 0.05082817, -0.047361463, -0.059808567, 0.9751774, -0.21315739, 0.035351828, 0.21547428, 0.97586364, 0.009724602, 0.1448313, 0.04437065)
shape = SubResource("CapsuleShape3D_yop2s")

[node name="MultiplayerSynchronizer" type="MultiplayerSynchronizer" parent="ape/Armature/Skeleton3D/Ragdoll/Physical Bone Hand_R" unique_id=815734656]
replication_config = SubResource("SceneReplicationConfig_pb1wn")

[node name="Physical Bone Thigh_L" type="PhysicalBone3D" parent="ape/Armature/Skeleton3D/Ragdoll" unique_id=1559074622]
transform = Transform3D(0.93390846, 0.20746458, 0.29115885, 0.2911589, -0.91396147, -0.28266755, 0.20746446, 0.3487591, -0.9139615, 0.17661567, 0.6717452, -0.32029486)
collision_layer = 4
collision_mask = 17
joint_type = 2
body_offset = Transform3D(1.0000001, -3.3527613e-07, -1.3411045e-07, 1.4901161e-08, 1.0000008, 2.9802322e-08, 1.1920929e-07, 0, 1.0000004, 0, 0, 0)
friction = 0.4
bounce = 0.2
bone_name = "Thigh_L"
joint_constraints/swing_span = 65.0
joint_constraints/twist_span = 19.999992
joint_constraints/bias = 0.3
joint_constraints/softness = 0.8
joint_constraints/relaxation = 1.0

[node name="CollisionShape3D" type="CollisionShape3D" parent="ape/Armature/Skeleton3D/Ragdoll/Physical Bone Thigh_L" unique_id=874920612]
transform = Transform3D(0.9937549, 0.102915734, 0.043105483, -0.10113806, 0.9940035, -0.041582793, -0.0471265, 0.036963552, 0.9982048, -0.029236495, 0.0947904, -0.028483108)
shape = SubResource("CapsuleShape3D_ah3bo")

[node name="MultiplayerSynchronizer" type="MultiplayerSynchronizer" parent="ape/Armature/Skeleton3D/Ragdoll/Physical Bone Thigh_L" unique_id=1689129358]
replication_config = SubResource("SceneReplicationConfig_pb1wn")

[node name="Physical Bone Shin_L" type="PhysicalBone3D" parent="ape/Armature/Skeleton3D/Ragdoll" unique_id=35757324]
transform = Transform3D(0.9937742, 0.10313228, 0.042151254, 0.042151533, -0.6982415, 0.7146203, 0.10313218, -0.7083944, -0.69824153, 0.25394318, 0.3310883, -0.19030337)
collision_layer = 4
collision_mask = 17
joint_type = 3
joint_offset = Transform3D(-4.37113e-08, 0, 0.999998, 0, 0.9999973, 0, -0.999998, 0, -4.37113e-08, 0, 0, 0)
joint_rotation = Vector3(0, 1.5707964, 0)
body_offset = Transform3D(1.0000004, 1.4901161e-08, 0, 0, 1.0000006, -5.364418e-07, 0, 2.9802322e-08, 1.000001, 0, 0, 0)
friction = 0.4
bounce = 0.2
bone_name = "Shin_L"
joint_constraints/angular_limit_enabled = true
joint_constraints/angular_limit_upper = 45.0
joint_constraints/angular_limit_lower = -45.0
joint_constraints/angular_limit_bias = 0.3
joint_constraints/angular_limit_softness = 0.9
joint_constraints/angular_limit_relaxation = 1.0

[node name="CollisionShape3D" type="CollisionShape3D" parent="ape/Armature/Skeleton3D/Ragdoll/Physical Bone Shin_L" unique_id=1547755645]
transform = Transform3D(0.9825408, -0.16863364, 0.07860506, 0.13825935, 0.9444851, 0.29804406, -0.124500416, -0.28197423, 0.9513161, -0.0066652, 0.11516102, -0.006066084)
shape = SubResource("CapsuleShape3D_cg0of")

[node name="MultiplayerSynchronizer" type="MultiplayerSynchronizer" parent="ape/Armature/Skeleton3D/Ragdoll/Physical Bone Shin_L" unique_id=1517506021]
replication_config = SubResource("SceneReplicationConfig_pb1wn")

[node name="Physical Bone Foot_L" type="PhysicalBone3D" parent="ape/Armature/Skeleton3D/Ragdoll" unique_id=832323799]
transform = Transform3D(0.19596346, 0.4382566, 0.8772284, 0.8772283, -0.47815132, 0.04291729, 0.43825665, 0.7611193, -0.47815126, 0.28805977, 0.100106865, -0.4246434)
collision_layer = 4
collision_mask = 17
joint_type = 3
joint_offset = Transform3D(0.9999998, 0, 0, 0, -4.3711385e-08, -0.99999976, 0, 0.99999994, -4.3711378e-08, 0, 0, 0)
joint_rotation = Vector3(1.5707964, 0, 0)
body_offset = Transform3D(1.0000007, -6.854534e-07, 1.0430813e-07, 0, 1.0000006, -2.9802322e-07, 0, 2.9802322e-08, 1.0000002, 0, 0, 0)
friction = 0.4
bounce = 0.2
bone_name = "Foot_L"
joint_constraints/angular_limit_enabled = true
joint_constraints/angular_limit_upper = 45.0
joint_constraints/angular_limit_lower = -45.0
joint_constraints/angular_limit_bias = 0.3
joint_constraints/angular_limit_softness = 0.9
joint_constraints/angular_limit_relaxation = 1.0

[node name="CollisionShape3D" type="CollisionShape3D" parent="ape/Armature/Skeleton3D/Ragdoll/Physical Bone Foot_L" unique_id=1072678156]
transform = Transform3D(0.9714068, 0.21798852, 0.09407331, -0.23672777, 0.9195532, 0.31365898, -0.018131346, -0.32696027, 0.94486415, 0.02177582, 0.15250975, -0.09440869)
shape = SubResource("CapsuleShape3D_6yin8")

[node name="MultiplayerSynchronizer" type="MultiplayerSynchronizer" parent="ape/Armature/Skeleton3D/Ragdoll/Physical Bone Foot_L" unique_id=782379359]
replication_config = SubResource("SceneReplicationConfig_pb1wn")

[node name="Physical Bone Thigh_R" type="PhysicalBone3D" parent="ape/Armature/Skeleton3D/Ragdoll" unique_id=1470890017]
transform = Transform3D(0.9339085, -0.20746462, -0.2911586, -0.29115894, -0.91396135, -0.2826679, -0.2074641, 0.34875935, -0.91396147, -0.17661567, 0.6717452, -0.32029486)
collision_layer = 4
collision_mask = 17
joint_type = 2
body_offset = Transform3D(1.0000002, 2.2351742e-07, 5.066395e-07, 1.3411045e-07, 1.000001, 4.4703484e-07, -4.4703484e-07, -2.682209e-07, 1.0000004, 0, 0, 0)
friction = 0.4
bounce = 0.2
bone_name = "Thigh_R"
joint_constraints/swing_span = 65.0
joint_constraints/twist_span = 19.999992
joint_constraints/bias = 0.3
joint_constraints/softness = 0.8
joint_constraints/relaxation = 1.0

[node name="CollisionShape3D2" type="CollisionShape3D" parent="ape/Armature/Skeleton3D/Ragdoll/Physical Bone Thigh_R" unique_id=2027000934]
transform = Transform3D(0.9937549, 0.102915734, 0.043105483, -0.10113806, 0.9940035, -0.041582793, -0.0471265, 0.036963552, 0.9982048, -0.029236495, 0.0947904, -0.028483108)
shape = SubResource("CapsuleShape3D_ah3bo")

[node name="MultiplayerSynchronizer" type="MultiplayerSynchronizer" parent="ape/Armature/Skeleton3D/Ragdoll/Physical Bone Thigh_R" unique_id=1298083903]
replication_config = SubResource("SceneReplicationConfig_pb1wn")

[node name="Physical Bone Shin_R" type="PhysicalBone3D" parent="ape/Armature/Skeleton3D/Ragdoll" unique_id=885834896]
transform = Transform3D(0.9937741, -0.10313229, -0.04215124, -0.04215154, -0.6982414, 0.71462035, -0.10313217, -0.7083944, -0.6982415, -0.25394318, 0.3310883, -0.19030337)
collision_layer = 4
collision_mask = 17
joint_type = 3
joint_offset = Transform3D(-4.37113e-08, 0, 0.999998, 0, 0.9999973, 0, -0.999998, 0, -4.37113e-08, 0, 0, 0)
joint_rotation = Vector3(0, 1.5707964, 0)
body_offset = Transform3D(1.0000001, -1.4901161e-08, -2.9802322e-08, -7.450581e-09, 1.0000005, -5.9604645e-07, 0, 2.9802322e-08, 1.0000008, 0, 0, 0)
friction = 0.4
bounce = 0.2
bone_name = "Shin_R"
joint_constraints/angular_limit_enabled = true
joint_constraints/angular_limit_upper = 45.0
joint_constraints/angular_limit_lower = -45.0
joint_constraints/angular_limit_bias = 0.3
joint_constraints/angular_limit_softness = 0.9
joint_constraints/angular_limit_relaxation = 1.0

[node name="CollisionShape3D2" type="CollisionShape3D" parent="ape/Armature/Skeleton3D/Ragdoll/Physical Bone Shin_R" unique_id=239206183]
transform = Transform3D(0.9825408, -0.16863364, 0.07860506, 0.13825935, 0.9444851, 0.29804406, -0.124500416, -0.28197423, 0.9513161, -0.0066652, 0.11516102, -0.006066084)
shape = SubResource("CapsuleShape3D_cg0of")

[node name="MultiplayerSynchronizer" type="MultiplayerSynchronizer" parent="ape/Armature/Skeleton3D/Ragdoll/Physical Bone Shin_R" unique_id=1757333577]
replication_config = SubResource("SceneReplicationConfig_pb1wn")

[node name="Physical Bone Foot_R" type="PhysicalBone3D" parent="ape/Armature/Skeleton3D/Ragdoll" unique_id=1141547200]
transform = Transform3D(0.19596307, -0.43825665, -0.87722826, -0.8772283, -0.47815126, 0.04291775, -0.43825686, 0.7611191, -0.4781511, -0.28805977, 0.100106895, -0.4246434)
collision_layer = 4
collision_mask = 17
joint_type = 3
joint_offset = Transform3D(0.9999998, 0, 0, 0, -4.3711385e-08, -0.99999976, 0, 0.99999994, -4.3711378e-08, 0, 0, 0)
joint_rotation = Vector3(1.5707964, 0, 0)
body_offset = Transform3D(1.0000008, 7.4505806e-07, -5.2154064e-07, 2.9802322e-08, 1.0000006, -4.7683716e-07, 4.4703484e-07, 1.4901161e-07, 1.0000002, 0, 0, 0)
friction = 0.4
bounce = 0.2
bone_name = "Foot_R"
joint_constraints/angular_limit_enabled = true
joint_constraints/angular_limit_upper = 45.0
joint_constraints/angular_limit_lower = -45.0
joint_constraints/angular_limit_bias = 0.3
joint_constraints/angular_limit_softness = 0.9
joint_constraints/angular_limit_relaxation = 1.0

[node name="CollisionShape3D" type="CollisionShape3D" parent="ape/Armature/Skeleton3D/Ragdoll/Physical Bone Foot_R" unique_id=1514480284]
