[gd_scene format=3 uid="uid://k3y73rql2u6e"]

[ext_resource type="Script" uid="uid://lgmqlkuewowp" path="res://ape/scripts/ape_body.gd" id="1_tksy4"]
[ext_resource type="PackedScene" uid="uid://3hwk02h2rtte" path="res://ape/visuals/ape.blend" id="2_wppca"]
[ext_resource type="Script" uid="uid://c5ogdg5hcnibf" path="res://ape/scripts/camera_pivot.gd" id="3_54pyi"]
[ext_resource type="Script" uid="uid://dr0wqty80sjn7" path="res://ape/scripts/ape_input.gd" id="3_g8e4n"]
[ext_resource type="Script" uid="uid://bb6okqe1l22n5" path="res://ape/scripts/ragdoll.gd" id="3_n5wll"]
[ext_resource type="Script" uid="uid://4p57jdyc06ob" path="res://ape/scripts/hand_ray_cast.gd" id="3_vurlm"]
[ext_resource type="Script" uid="uid://dnm8oseo2h6ro" path="res://ape/scripts/player_state.gd" id="6_n5wll"]
[ext_resource type="Script" uid="uid://qqt81cqdd6n8" path="res://ape/scripts/rigid_body_hitbox.gd" id="7_n5wll"]
[ext_resource type="Script" uid="uid://trfwgwd6pb83" path="res://ape/scripts/grabbo.gd" id="8_pe46d"]
[ext_resource type="Script" uid="uid://c5gwdr6pcl066" path="res://ape/scripts/authority_manager.gd" id="10_pb1wn"]

[sub_resource type="CapsuleShape3D" id="CapsuleShape3D_t2650"]
height = 1.0

[sub_resource type="JointLimitationCone3D" id="JointLimitationCone3D_vurlm"]
angle = 0.87266463

[sub_resource type="JointLimitationCone3D" id="JointLimitationCone3D_pb1wn"]

[sub_resource type="JointLimitationCone3D" id="JointLimitationCone3D_yop2s"]
angle = 3.1415927

[sub_resource type="JointLimitationCone3D" id="JointLimitationCone3D_c5vop"]
angle = 0.87266463

[sub_resource type="JointLimitationCone3D" id="JointLimitationCone3D_6yin8"]

[sub_resource type="JointLimitationCone3D" id="JointLimitationCone3D_3hkjk"]
angle = 3.1415927

[sub_resource type="CapsuleShape3D" id="CapsuleShape3D_wppca"]
radius = 0.24804688
height = 0.49609375

[sub_resource type="SceneReplicationConfig" id="SceneReplicationConfig_pb1wn"]
properties/0/path = NodePath(".:global_transform")
properties/0/spawn = true
properties/0/replication_mode = 1
properties/1/path = NodePath(".:linear_velocity")
properties/1/spawn = true
properties/1/replication_mode = 1
properties/2/path = NodePath(".:angular_velocity")
properties/2/spawn = true
properties/2/replication_mode = 1

[sub_resource type="CapsuleShape3D" id="CapsuleShape3D_54pyi"]
radius = 0.2758789
height = 0.7727051

[sub_resource type="CylinderShape3D" id="CylinderShape3D_n5wll"]
height = 1.0
radius = 0.65

[sub_resource type="CapsuleShape3D" id="CapsuleShape3D_n5wll"]
radius = 0.17919922
height = 0.44213867

[sub_resource type="CapsuleShape3D" id="CapsuleShape3D_pe46d"]
radius = 0.1875
height = 0.44909668

[sub_resource type="CapsuleShape3D" id="CapsuleShape3D_vurlm"]
radius = 0.18408203
height = 0.41308594

[sub_resource type="CapsuleShape3D" id="CapsuleShape3D_pb1wn"]
radius = 0.12597656
height = 0.508448

[sub_resource type="CapsuleShape3D" id="CapsuleShape3D_c5vop"]
radius = 0.08935547
height = 0.4451279

[sub_resource type="CapsuleShape3D" id="CapsuleShape3D_yop2s"]
radius = 0.079589844
height = 0.33251953

[sub_resource type="CapsuleShape3D" id="CapsuleShape3D_ah3bo"]
radius = 0.123046875
height = 0.5633161

[sub_resource type="CapsuleShape3D" id="CapsuleShape3D_cg0of"]
radius = 0.08886719
height = 0.38058397

[sub_resource type="CapsuleShape3D" id="CapsuleShape3D_6yin8"]
radius = 0.080078125
height = 0.35131836

[sub_resource type="SceneReplicationConfig" id="SceneReplicationConfig_wppca"]
properties/0/path = NodePath(".:transform")
properties/0/spawn = true
properties/0/replication_mode = 1
properties/1/path = NodePath(".:velocity")
properties/1/spawn = true
properties/1/replication_mode = 1
properties/2/path = NodePath("ape:transform")
properties/2/spawn = true
properties/2/replication_mode = 1
properties/3/path = NodePath("PlayerState:current_state")
properties/3/spawn = true
properties/3/replication_mode = 1
properties/4/path = NodePath("LookPivot:rotation")
properties/4/spawn = true
properties/4/replication_mode = 1
properties/5/path = NodePath("ape/Armature/Skeleton3D/ArmRightIK:influence")
properties/5/spawn = true
properties/5/replication_mode = 1
properties/6/path = NodePath("HangJointRight:transform")
properties/6/spawn = true
properties/6/replication_mode = 1
properties/7/path = NodePath("HangJointRight:node_a")
properties/7/spawn = true
properties/7/replication_mode = 1
properties/8/path = NodePath("HangJointRight:node_b")
properties/8/spawn = true
properties/8/replication_mode = 1
properties/9/path = NodePath("HangJointLeft:transform")
properties/9/spawn = true
properties/9/replication_mode = 1
properties/10/path = NodePath("HangJointLeft:node_a")
properties/10/spawn = true
properties/10/replication_mode = 1
properties/11/path = NodePath("HangJointLeft:node_b")
properties/11/spawn = true
properties/11/replication_mode = 1
properties/12/path = NodePath("ape/Armature/Skeleton3D/ArmLeftIK:influence")
properties/12/spawn = true
properties/12/replication_mode = 1

[node name="Player" type="CharacterBody3D" unique_id=1802699836 node_paths=PackedStringArray("input", "camera", "look", "model", "state")]
collision_layer = 2
collision_mask = 3
floor_max_angle = 0.9599311
script = ExtResource("1_tksy4")
jump_boost = 0.5
ground_rotation_speed = 5.0
input = NodePath("Input")
camera = NodePath("LookPivot/Camera3D")
look = NodePath("LookPivot")
model = NodePath("ape")
state = NodePath("PlayerState")

[node name="CollisionShape3D" type="CollisionShape3D" parent="." unique_id=971283472]
transform = Transform3D(1, 0, 0, 0, 1, 0, 0, 0, 1, 0, 0.5, 0)
shape = SubResource("CapsuleShape3D_t2650")

[node name="ape" parent="." unique_id=2052363937 instance=ExtResource("2_wppca")]
transform = Transform3D(-1, 0, -8.742278e-08, 0, 1, 0, 8.742278e-08, 0, -1, 0, 0, 0)

[node name="Skeleton3D" parent="ape/Armature" parent_id_path=PackedInt32Array(2052363937, 94349545) index="0" unique_id=1957647894]
bones/1/position = Vector3(4.4266514e-14, 2.1369126, 0.9423554)
bones/2/position = Vector3(-0.3958364, 0.20433521, 0.34159356)
bones/2/rotation = Quaternion(4.3697188e-08, -0.02548535, 0.9996752, -1.1139992e-09)
bones/3/position = Vector3(-0.25345954, 0.55766934, 0.34141377)
bones/3/rotation = Quaternion(-0.08604673, 0.5480936, -0.7980386, 0.23521003)
bones/4/position = Vector3(0.11808643, 0.2310265, 0.35293803)
bones/5/position = Vector3(-0.22849473, -0.10654661, 0.07658706)
bones/5/rotation = Quaternion(-0.052898332, -0.7510996, 0.07044441, 0.65428483)
bones/6/position = Vector3(0.37244037, 0.085712254, 0.33623546)
bones/6/rotation = Quaternion(4.3697188e-08, -0.02548535, 0.9996752, -1.1139992e-09)
bones/7/position = Vector3(0.1091491, 0.49794662, 0.17173578)
bones/7/rotation = Quaternion(0.096066155, 0.63112366, -0.76817524, -0.048591048)
bones/8/position = Vector3(-0.15520594, 0.38359785, 0.24431606)
bones/9/position = Vector3(0.10177541, -0.51407015, 0.27867198)
bones/9/rotation = Quaternion(-0.25170216, 0.6273138, -0.51134276, 0.5307091)
bones/10/position = Vector3(0.007749583, 0.77850425, -0.4325496)
bones/10/rotation = Quaternion(0.6211311, 0.028316556, -0.029994538, 0.7826205)
bones/11/rotation = Quaternion(-0.18676253, -0.08454294, 0.0053483224, 0.97874594)
bones/12/rotation = Quaternion(0.3362993, 0.0025887368, -0.008338329, 0.94171476)
bones/13/rotation = Quaternion(-0.0028441697, 0.08330521, 0.026495788, 0.9961677)
bones/16/rotation = Quaternion(0.7159343, 0.68026197, 0.1530632, 0.03540579)
bones/17/rotation = Quaternion(-0.12065831, -0.45920447, 0.49575394, 0.72718704)
bones/18/rotation = Quaternion(-0.42706186, -0.33693147, 0.49273488, 0.6791964)
bones/19/rotation = Quaternion(0.45440686, 0.10107059, -0.44194502, 0.7668011)
bones/20/position = Vector3(0.026249489, 0.16285844, -0.0007786351)
bones/20/rotation = Quaternion(0.4958707, 0.0440436, -0.076754846, 0.8638756)
bones/21/rotation = Quaternion(0.39341804, -0.012528774, -0.0061653885, 0.9192536)
bones/22/rotation = Quaternion(0.42003313, -0.21235803, 0.0320864, 0.88172936)
bones/23/rotation = Quaternion(-0.18646841, 0.15164627, -0.14008473, 0.9605255)
bones/24/position = Vector3(-0.03673767, 0.16260624, 0.0165346)
bones/24/rotation = Quaternion(0.5323392, 0.0275476, 0.014824008, 0.8459529)
bones/25/rotation = Quaternion(0.4982459, -0.017846882, -0.1407944, 0.8553418)
bones/26/rotation = Quaternion(0.7322423, -0.63683194, -0.15059525, 0.1886466)
bones/27/rotation = Quaternion(-0.19934967, 0.36497983, -0.5369069, 0.7340167)
bones/28/rotation = Quaternion(-0.17710096, 0.42784253, -0.2043353, 0.8624577)
bones/29/rotation = Quaternion(0.20501006, -0.2769436, 0.25819904, 0.90255547)
bones/30/position = Vector3(-0.026424307, 0.16231267, -0.000104911625)
bones/30/rotation = Quaternion(0.6195826, -0.021643396, 0.10451478, 0.77764106)
bones/31/rotation = Quaternion(0.55086994, 0.0134265805, 0.0038351566, 0.8344743)
bones/32/rotation = Quaternion(0.27912983, 0.34243494, -0.005704662, 0.8971022)
bones/33/rotation = Quaternion(-0.04480766, -0.12966327, 0.16064791, 0.97743136)
bones/34/position = Vector3(0.036746252, 0.16228178, 0.016494632)
bones/34/rotation = Quaternion(0.65257186, -0.006682465, 0.011797728, 0.7576056)
bones/35/rotation = Quaternion(0.49824584, 0.017846864, 0.14079437, 0.8553418)
bones/37/rotation = Quaternion(-0.45495534, -0.4635025, 0.27012357, 0.7107844)
bones/38/rotation = Quaternion(0.40853256, -0.025875397, 0.1060449, 0.9061932)
bones/39/rotation = Quaternion(-0.4887878, 0.27599728, -0.5577608, 0.6114041)
bones/40/rotation = Quaternion(0.2621561, 0.77024645, -0.14452626, 0.5631224)
bones/41/rotation = Quaternion(-0.23672438, -0.75138026, 0.04666702, 0.61417544)
bones/42/rotation = Quaternion(-0.25185183, -0.79086626, 0.06245206, 0.5542572)
bones/43/position = Vector3(-0.0486147, 0.026005045, -0.1120893)
bones/43/rotation = Quaternion(-0.013775889, 0.8746482, -0.44959348, -0.1807386)
bones/44/rotation = Quaternion(0.1074069, -0.395415, 0.10642396, 0.9059717)
bones/45/rotation = Quaternion(-0.59645635, 0.7544515, 0.07665098, -0.26299742)
bones/46/rotation = Quaternion(-0.19345073, 0.5064319, -0.55271673, 0.63293594)
bones/47/rotation = Quaternion(0.62005174, 0.021916913, -0.16095, 0.7675614)
bones/48/rotation = Quaternion(-0.4897084, -0.27428508, 0.608235, 0.5612519)
bones/49/rotation = Quaternion(0.2598456, -0.77083236, 0.1413678, 0.5641923)
bones/50/rotation = Quaternion(-0.24137405, 0.74989957, -0.050470445, 0.6138746)
bones/51/rotation = Quaternion(-0.25674576, 0.789291, -0.06588405, 0.5538598)
bones/52/position = Vector3(0.04862538, 0.02608779, -0.11216623)
bones/52/rotation = Quaternion(0.017712405, 0.87510115, -0.44790643, 0.18238427)
bones/53/rotation = Quaternion(0.1044994, 0.39534247, -0.107125446, 0.90626067)

[node name="Head" type="BoneAttachment3D" parent="ape/Armature/Skeleton3D" index="1" unique_id=1092656707]
transform = Transform3D(0.9983126, -0.05723499, 0.009787932, 0.0009365529, -0.15267262, -0.9882755, 0.05805835, 0.9866177, -0.1523619, 0.054356847, 0.9695649, 0.41861737)
bone_name = "Head"
bone_idx = 13

[node name="Hand_R" type="BoneAttachment3D" parent="ape/Armature/Skeleton3D" index="2" unique_id=1106184745]
transform = Transform3D(0.99530935, -0.028284319, -0.09251562, -0.09400728, -0.05696872, -0.9939395, 0.02284275, 0.9979749, -0.05936098, -0.12568356, 0.8893042, 1.0225004)
bone_name = "Hand_R"
bone_idx = 29

[node name="HoldingSpaceRight" type="Marker3D" parent="ape/Armature/Skeleton3D/Hand_R" unique_id=1326193733]
transform = Transform3D(1.0000001, -7.450581e-09, 0, 7.450581e-09, 1.0000001, 0, 0, 2.9802322e-08, 1.0000001, -0.022767618, 0.06984773, 0.10899547)

[node name="Hand_L" type="BoneAttachment3D" parent="ape/Armature/Skeleton3D" index="3" unique_id=1390141475]
transform = Transform3D(0.94657886, 0.32206678, -0.01614751, 0.23278126, -0.7170993, -0.656947, -0.2231603, 0.6180936, -0.75376326, 0.13389562, 0.9510147, 1.1142174)
bone_name = "Hand_L"
bone_idx = 19

[node name="HoldingSpaceLeft" type="Marker3D" parent="ape/Armature/Skeleton3D/Hand_L" unique_id=793477630]
transform = Transform3D(1.0000001, -7.450581e-09, 0, 7.450581e-09, 1.0000001, 0, 0, 2.9802322e-08, 1.0000001, -0.022767618, 0.06984773, 0.10899547)

[node name="Spine" type="BoneAttachment3D" parent="ape/Armature/Skeleton3D" index="4" unique_id=581318483]
transform = Transform3D(0.9875199, 0.06830945, -0.14190948, -0.15749192, 0.43321884, -0.88742095, 0.0008585714, 0.89869636, 0.43857038, 0.03388863, 0.8506249, -0.12364948)
bone_name = "Spine"
bone_idx = 11

[node name="RayCast3DRight" type="RayCast3D" parent="ape/Armature/Skeleton3D/Spine" unique_id=639199195 node_paths=PackedStringArray("target_child", "ignore_these")]
transform = Transform3D(-0.98752004, -0.15749215, -0.0008585282, -0.068309516, 0.43321922, -0.89869696, 0.14190944, -0.88742244, -0.43857116, -0.2635345, 0.2923331, 0.13016474)
target_position = Vector3(0, 0, -1.605)
collision_mask = 19
debug_shape_custom_color = Color(1, 0.3447545, 0.55754477, 1)
debug_shape_thickness = 5
script = ExtResource("3_vurlm")
target_child = NodePath("../../../../../LookPivot/HandTargetRight")
ignore_these = [NodePath("../../../../.."), NodePath("../../Ragdoll/Physical Bone Pelvis"), NodePath("../../Ragdoll/Physical Bone Spine"), NodePath("../../Ragdoll/Physical Bone Neck"), NodePath("../../Ragdoll/Physical Bone Head"), NodePath("../../Ragdoll/Physical Bone Shoulder_L"), NodePath("../../Ragdoll/Physical Bone Arm_Upper_L"), NodePath("../../Ragdoll/Physical Bone Arm_Lower_L"), NodePath("../../Ragdoll/Physical Bone Hand_L"), NodePath("../../Ragdoll/Physical Bone Shoulder_R"), NodePath("../../Ragdoll/Physical Bone Arm_Upper_R"), NodePath("../../Ragdoll/Physical Bone Arm_Lower_R"), NodePath("../../Ragdoll/Physical Bone Hand_R"), NodePath("../../Ragdoll/Physical Bone Thigh_L"), NodePath("../../Ragdoll/Physical Bone Shin_L"), NodePath("../../Ragdoll/Physical Bone Foot_L"), NodePath("../../Ragdoll/Physical Bone Thigh_R"), NodePath("../../Ragdoll/Physical Bone Shin_R"), NodePath("../../Ragdoll/Physical Bone Foot_R")]

[node name="RayCast3DLeft" type="RayCast3D" parent="ape/Armature/Skeleton3D/Spine" unique_id=1406225533 node_paths=PackedStringArray("target_child", "ignore_these")]
transform = Transform3D(-0.98752004, -0.15749215, -0.0008585282, -0.068309516, 0.43321922, -0.89869696, 0.14190944, -0.88742244, -0.43857116, -0.2635345, 0.2923331, 0.13016474)
target_position = Vector3(0, 0, -1.605)
collision_mask = 19
debug_shape_custom_color = Color(1, 0.3447545, 0.55754477, 1)
debug_shape_thickness = 5
script = ExtResource("3_vurlm")
target_child = NodePath("../../../../../LookPivot/HandTargetLeft")
ignore_these = [NodePath("../../../../.."), NodePath("../../Ragdoll/Physical Bone Pelvis"), NodePath("../../Ragdoll/Physical Bone Spine"), NodePath("../../Ragdoll/Physical Bone Neck"), NodePath("../../Ragdoll/Physical Bone Head"), NodePath("../../Ragdoll/Physical Bone Shoulder_L"), NodePath("../../Ragdoll/Physical Bone Arm_Upper_L"), NodePath("../../Ragdoll/Physical Bone Arm_Lower_L"), NodePath("../../Ragdoll/Physical Bone Hand_L"), NodePath("../../Ragdoll/Physical Bone Shoulder_R"), NodePath("../../Ragdoll/Physical Bone Arm_Upper_R"), NodePath("../../Ragdoll/Physical Bone Arm_Lower_R"), NodePath("../../Ragdoll/Physical Bone Hand_R"), NodePath("../../Ragdoll/Physical Bone Thigh_L"), NodePath("../../Ragdoll/Physical Bone Shin_L"), NodePath("../../Ragdoll/Physical Bone Foot_L"), NodePath("../../Ragdoll/Physical Bone Thigh_R"), NodePath("../../Ragdoll/Physical Bone Shin_R"), NodePath("../../Ragdoll/Physical Bone Foot_R")]

[node name="SpineLookAt" type="LookAtModifier3D" parent="ape/Armature/Skeleton3D" index="5" unique_id=360982078]
transform = Transform3D(0.9999139, 0, 0.013124499, 0, 1, 0, -0.013124499, 0, 0.9999139, 0, 0, 0)
influence = 0.25
target_node = NodePath("../../../../LookPivot/LookAtMe")
bone_name = "Spine"
bone = 11
forward_axis = 2
primary_rotation_axis = 2
relative = true
duration = 0.15
transition_type = 1
ease_type = 2

[node name="NeckLookAt" type="LookAtModifier3D" parent="ape/Armature/Skeleton3D" index="6" unique_id=415999757]
influence = 0.25
target_node = NodePath("../../../../LookPivot/LookAtMe")
bone_name = "Neck"
bone = 12
forward_axis = 2
primary_rotation_axis = 0
relative = true
duration = 0.15
transition_type = 1
ease_type = 2

[node name="HeadLookAt" type="LookAtModifier3D" parent="ape/Armature/Skeleton3D" index="7" unique_id=1610885507]
influence = 0.5
target_node = NodePath("../../../../LookPivot/LookAtMe")
bone_name = "Head"
bone = 13
forward_axis = 2
primary_rotation_axis = 2
relative = true
duration = 0.15
transition_type = 1
ease_type = 2

[node name="ArmRightIK" type="JacobianIK3D" parent="ape/Armature/Skeleton3D" index="8" unique_id=504262015]
angular_delta_limit = 0.08726646259971647
setting_count = 1
settings/0/target_node = NodePath("../../../../LookPivot/HandTargetRight")
settings/0/root_bone_name = "Shoulder_R"
settings/0/root_bone = 26
settings/0/end_bone_name = "Hand_R"
settings/0/end_bone = 29
settings/0/extend_end_bone = false
settings/0/joint_count = 4
settings/0/joints/0/rotation_axis = 3
settings/0/joints/0/limitation = SubResource("JointLimitationCone3D_vurlm")
settings/0/joints/0/limitation/right_axis = 2
settings/0/joints/0/limitation/rotation_offset = Quaternion(0.165, -1.095, 0.15, 1.31)
settings/0/joints/1/rotation_axis = 3
settings/0/joints/1/limitation = SubResource("JointLimitationCone3D_pb1wn")
settings/0/joints/1/limitation/right_axis = 0
settings/0/joints/1/limitation/rotation_offset = Quaternion(0, 0.41, -0.155, -0.41)
settings/0/joints/2/rotation_axis = 3
settings/0/joints/2/limitation = SubResource("JointLimitationCone3D_yop2s")
settings/0/joints/2/limitation/right_axis = 0
settings/0/joints/2/limitation/rotation_offset = Quaternion(-0.84, -0.105, -0.225, 0.95)
settings/0/joints/3/rotation_axis = 3
settings/0/joints/3/limitation = null

[node name="ArmLeftIK" type="JacobianIK3D" parent="ape/Armature/Skeleton3D" index="9" unique_id=101265732]
angular_delta_limit = 0.08726646259971647
setting_count = 1
settings/0/target_node = NodePath("../../../../LookPivot/HandTargetLeft")
settings/0/root_bone_name = "Shoulder_L"
settings/0/root_bone = 16
settings/0/end_bone_name = "Hand_L"
settings/0/end_bone = 19
settings/0/extend_end_bone = false
settings/0/joint_count = 4
settings/0/joints/0/rotation_axis = 3
settings/0/joints/0/limitation = SubResource("JointLimitationCone3D_c5vop")
settings/0/joints/0/limitation/right_axis = 2
settings/0/joints/0/limitation/rotation_offset = Quaternion(-0.06, -1.345, 0.1, 1.31)
settings/0/joints/1/rotation_axis = 3
settings/0/joints/1/limitation = SubResource("JointLimitationCone3D_6yin8")
settings/0/joints/1/limitation/right_axis = 0
settings/0/joints/1/limitation/rotation_offset = Quaternion(-0.25, -0.395, -0.015, 0.41)
settings/0/joints/2/rotation_axis = 3
settings/0/joints/2/limitation = SubResource("JointLimitationCone3D_3hkjk")
settings/0/joints/2/limitation/right_axis = 0
settings/0/joints/2/limitation/rotation_offset = Quaternion(0.84, 0.105, 0.225, -0.95)
settings/0/joints/3/rotation_axis = 3
settings/0/joints/3/limitation = null

[node name="Ragdoll" type="PhysicalBoneSimulator3D" parent="ape/Armature/Skeleton3D" index="10" unique_id=589803041 node_paths=PackedStringArray("input", "state", "ape", "skeleton", "look_pivot", "pelvis")]
influence = 0.0
script = ExtResource("3_n5wll")
swing_power = 2.5
get_up_speed = 2.5
input = NodePath("../../../../Input")
state = NodePath("../../../../PlayerState")
ape = NodePath("../../../..")
skeleton = NodePath("..")
look_pivot = NodePath("../../../../LookPivot")
pelvis = NodePath("Physical Bone Pelvis")

[node name="Physical Bone Pelvis" type="PhysicalBone3D" parent="ape/Armature/Skeleton3D/Ragdoll" unique_id=406821728]
transform = Transform3D(0.996597, 0.08212528, 0.0070611094, -0.011772133, 0.22659308, -0.9739184, -0.081583306, 0.97052103, 0.22678876, 0.007749583, 0.77850425, -0.4325496)
collision_layer = 4
joint_type = 2
body_offset = Transform3D(1, 2.9802322e-08, -4.0978193e-08, -2.2351742e-08, 1, -1.4901161e-08, 4.0978193e-08, 0, 1.0000008, 0, 0, 0)
friction = 0.4
bounce = 0.2
bone_name = "Pelvis"
joint_constraints/swing_span = 9.999996
joint_constraints/twist_span = 180.0
joint_constraints/bias = 0.3
joint_constraints/softness = 0.8
joint_constraints/relaxation = 1.0

[node name="CollisionShape3D" type="CollisionShape3D" parent="ape/Armature/Skeleton3D/Ragdoll/Physical Bone Pelvis" unique_id=1414895023]
transform = Transform3D(1, 1.7763568e-15, -7.1054274e-15, 0, 0, 1, 0, -1, 0, -1.5464547e-08, 0.1585498, 0.107316256)
shape = SubResource("CapsuleShape3D_wppca")

[node name="MultiplayerSynchronizer" type="MultiplayerSynchronizer" parent="ape/Armature/Skeleton3D/Ragdoll/Physical Bone Pelvis" unique_id=233682832]
replication_config = SubResource("SceneReplicationConfig_pb1wn")

[node name="Physical Bone Spine" type="PhysicalBone3D" parent="ape/Armature/Skeleton3D/Ragdoll" unique_id=1598314396]
transform = Transform3D(0.987519, 0.06813103, -0.14200121, -0.15749626, 0.43318185, -0.8874393, 0.0010501829, 0.8987278, 0.43850574, 0.03388863, 0.8506249, -0.12364948)
collision_layer = 4
joint_type = 2
body_offset = Transform3D(1, -0.0001703389, -8.7774824e-05, 0.00017026666, 1, -7.2300434e-05, 8.7998254e-05, 7.1913004e-05, 1.000001, 0, 0, 0)
friction = 0.4
bounce = 0.2
bone_name = "Spine"
joint_constraints/swing_span = 4.999998
joint_constraints/twist_span = 39.999985
joint_constraints/bias = 0.3
joint_constraints/softness = 0.01
joint_constraints/relaxation = 1.0

[node name="CollisionShape3D" type="CollisionShape3D" parent="ape/Armature/Skeleton3D/Ragdoll/Physical Bone Spine" unique_id=445052303]
transform = Transform3D(1, -5.8051013e-09, -6.5356427e-09, 8.688437e-09, 0.7423152, 0.6700509, 9.617911e-10, -0.670051, 0.74231505, -6.4028205e-10, 0.13475418, 0.14868477)
shape = SubResource("CapsuleShape3D_54pyi")

[node name="PushablePusher" type="Area3D" parent="ape/Armature/Skeleton3D/Ragdoll/Physical Bone Spine" unique_id=1087675309 node_paths=PackedStringArray("ape", "state", "ragdoll")]
transform = Transform3D(1, 2.506422e-07, -7.6170545e-07, 6.9034286e-07, 0.25881898, 0.96592563, 4.2369356e-07, -0.9659257, 0.25881916, -1.8626451e-07, -0.07860902, 0.65487623)
collision_layer = 0
collision_mask = 16
script = ExtResource("7_n5wll")
ape = NodePath("../../../../../..")
state = NodePath("../../../../../../PlayerState")
ragdoll = NodePath("../..")

[node name="CollisionShape3D" type="CollisionShape3D" parent="ape/Armature/Skeleton3D/Ragdoll/Physical Bone Spine/PushablePusher" unique_id=2006120402]
transform = Transform3D(1, -1.3344106e-08, -3.4924597e-09, -1.6356353e-08, 1.0000001, 0, 0, 1.4901161e-08, 1, 1.9878149e-05, 0.49638686, 0.018573403)
shape = SubResource("CylinderShape3D_n5wll")

[node name="MultiplayerSynchronizer" type="MultiplayerSynchronizer" parent="ape/Armature/Skeleton3D/Ragdoll/Physical Bone Spine" unique_id=403126397]
replication_config = SubResource("SceneReplicationConfig_pb1wn")

[node name="Physical Bone Neck" type="PhysicalBone3D" parent="ape/Armature/Skeleton3D/Ragdoll" unique_id=1219001923]
transform = Transform3D(0.9878339, -0.023891663, -0.15366648, -0.15530324, -0.20282705, -0.96682066, -0.008068767, 0.9789231, -0.2040699, 0.059406493, 1.0124593, 0.21207017)
collision_layer = 4
collision_mask = 17
joint_type = 2
body_offset = Transform3D(1.0000001, -3.2534823e-05, 0.00029539887, 3.2501295e-05, 1.0000001, 0.00046032667, -0.00029519806, -0.00045973063, 1.0000006, 0, 0, 0)
friction = 0.4
bounce = 0.2
bone_name = "Neck"
joint_constraints/swing_span = 19.999992
joint_constraints/twist_span = 24.999996
joint_constraints/bias = 0.3
joint_constraints/softness = 0.8
joint_constraints/relaxation = 1.0

[node name="CollisionShape3D" type="CollisionShape3D" parent="ape/Armature/Skeleton3D/Ragdoll/Physical Bone Neck" unique_id=465597284]
transform = Transform3D(1, 0, 6.170012e-09, 5.5879354e-09, 1, 0, -4.0978193e-08, 0, 1.0000001, -7.450581e-09, 0.10449882, 0.0872857)
shape = SubResource("CapsuleShape3D_n5wll")

[node name="MultiplayerSynchronizer" type="MultiplayerSynchronizer" parent="ape/Armature/Skeleton3D/Ragdoll/Physical Bone Neck" unique_id=1402948407]
replication_config = SubResource("SceneReplicationConfig_pb1wn")

[node name="Physical Bone Head" type="PhysicalBone3D" parent="ape/Armature/Skeleton3D/Ragdoll" unique_id=1121487032]
transform = Transform3D(0.99831206, -0.057246953, 0.009787415, 0.0009349547, -0.15265991, -0.9882783, 0.058070064, 0.9866194, -0.1523487, 0.054356847, 0.9695649, 0.41861737)
collision_layer = 4
collision_mask = 17
joint_type = 2
body_offset = Transform3D(1.0000002, -1.1827797e-05, 2.477318e-07, 1.1831522e-05, 1.0000006, 1.3500452e-05, -2.104789e-07, -1.2949109e-05, 1.0000008, 0, 0, 0)
friction = 0.4
bounce = 0.2
bone_name = "Head"
joint_constraints/swing_span = 24.999996
joint_constraints/twist_span = 19.999992
joint_constraints/bias = 0.3
joint_constraints/softness = 0.8
joint_constraints/relaxation = 1.0

[node name="CollisionShape3D" type="CollisionShape3D" parent="ape/Armature/Skeleton3D/Ragdoll/Physical Bone Head" unique_id=600854772]
transform = Transform3D(0.99994695, -0.0021346174, -0.010077274, 0.00027098507, 0.98340607, -0.18141994, 0.010297311, 0.18140763, 0.9833542, -9.849668e-06, 0.15853629, 0.031226516)
shape = SubResource("CapsuleShape3D_pe46d")

[node name="MultiplayerSynchronizer" type="MultiplayerSynchronizer" parent="ape/Armature/Skeleton3D/Ragdoll/Physical Bone Head" unique_id=2111483904]
replication_config = SubResource("SceneReplicationConfig_pb1wn")

[node name="Physical Bone Shoulder_L" type="PhysicalBone3D" parent="ape/Armature/Skeleton3D/Ragdoll" unique_id=1011885616]
transform = Transform3D(-0.33713934, 0.8553278, 0.39338467, 0.42053312, -0.23702678, 0.87576836, 0.8423117, 0.46068728, -0.27978262, 0.059406493, 1.0124593, 0.21207017)
collision_layer = 4
collision_mask = 17
joint_type = 2
joint_offset = Transform3D(0.9999979, 0, 0, 0, 0.99999756, 0, 0, 0, 0.99999845, 0, 0, 0)
body_offset = Transform3D(1, -1.0818243e-05, 3.2767653e-05, 1.0818243e-05, 1.0000002, -1.1071563e-05, -3.2395124e-05, 1.0564923e-05, 1.0000007, 0, 0, 0)
friction = 0.4
bounce = 0.2
bone_name = "Shoulder_L"
joint_constraints/swing_span = 9.999996
joint_constraints/twist_span = 4.999998
joint_constraints/bias = 0.3
joint_constraints/softness = 0.8
joint_constraints/relaxation = 1.0

[node name="CollisionShape3D" type="CollisionShape3D" parent="ape/Armature/Skeleton3D/Ragdoll/Physical Bone Shoulder_L" unique_id=1065188310]
transform = Transform3D(1.0000013, 6.482005e-07, 0, -9.313226e-10, 1.0000005, 6.519258e-09, 0, -1.9324943e-07, 1.0000004, 0.0056129694, 0.18636844, -0.07021457)
shape = SubResource("CapsuleShape3D_vurlm")

[node name="MultiplayerSynchronizer" type="MultiplayerSynchronizer" parent="ape/Armature/Skeleton3D/Ragdoll/Physical Bone Shoulder_L" unique_id=155865235]
replication_config = SubResource("SceneReplicationConfig_pb1wn")

[node name="Physical Bone Arm_Upper_L" type="PhysicalBone3D" parent="ape/Armature/Skeleton3D/Ragdoll" unique_id=501162425]
transform = Transform3D(0.7641316, 0.09198844, 0.6384677, 0.6429456, -0.1886924, -0.7423046, 0.052190565, 0.9777185, -0.20332938, 0.26520136, 0.95542824, 0.32291704)
collision_layer = 4
collision_mask = 17
joint_type = 2
body_offset = Transform3D(1.0000005, 8.132309e-06, 3.808178e-06, -8.568168e-06, 1.0000004, 7.882714e-06, -4.538335e-06, -7.3462725e-06, 1.0000006, 0, 0, 0)
friction = 0.4
bounce = 0.2
bone_name = "Arm_Upper_L"
joint_constraints/swing_span = 45.0
joint_constraints/twist_span = 45.0
joint_constraints/bias = 0.3
joint_constraints/softness = 0.8
joint_constraints/relaxation = 1.0

[node name="CollisionShape3D" type="CollisionShape3D" parent="ape/Armature/Skeleton3D/Ragdoll/Physical Bone Arm_Upper_L" unique_id=1140243226]
transform = Transform3D(0.9999997, 1.4882535e-06, 1.9669533e-06, -3.259629e-08, 0.99999535, 1.3299286e-06, 1.7881393e-07, -3.091991e-07, 0.9999914, -0.014738202, 0.2557823, -0.013592303)
shape = SubResource("CapsuleShape3D_pb1wn")

[node name="MultiplayerSynchronizer" type="MultiplayerSynchronizer" parent="ape/Armature/Skeleton3D/Ragdoll/Physical Bone Arm_Upper_L" unique_id=856081763]
replication_config = SubResource("SceneReplicationConfig_pb1wn")

[node name="Physical Bone Arm_Lower_L" type="PhysicalBone3D" parent="ape/Armature/Skeleton3D/Ragdoll" unique_id=1790107468]
transform = Transform3D(0.8093422, -0.47865385, -0.34037578, -0.2527565, 0.23927103, -0.93747723, 0.5301691, 0.84477204, 0.072669275, 0.3103507, 0.86280847, 0.8028029)
collision_layer = 4
collision_mask = 17
joint_type = 3
joint_offset = Transform3D(-4.3711143e-08, 0.70710254, 0.7071023, 0, 0.7071026, -0.70710224, -0.9999944, -3.0908435e-08, -3.0908424e-08, 0, 0, 0)
joint_rotation = Vector3(0.7853981, 1.5707964, 0)
body_offset = Transform3D(1.0000004, 1.3411045e-05, 1.8328428e-05, -1.3440847e-05, 1.0000002, -2.3841858e-07, -1.7747283e-05, 1.5646219e-07, 1.0000011, 0, 0, 0)
friction = 0.4
bounce = 0.2
bone_name = "Arm_Lower_L"
joint_constraints/angular_limit_enabled = true
joint_constraints/angular_limit_upper = 45.0
joint_constraints/angular_limit_lower = -45.0
joint_constraints/angular_limit_bias = 0.3
joint_constraints/angular_limit_softness = 0.9
joint_constraints/angular_limit_relaxation = 1.0

[node name="CollisionShape3D" type="CollisionShape3D" parent="ape/Armature/Skeleton3D/Ragdoll/Physical Bone Arm_Lower_L" unique_id=271854951]
transform = Transform3D(0.9883681, 0.09372162, -0.11977059, -0.112443835, 0.9806004, -0.16057971, 0.10239717, 0.17217852, 0.9797324, 0.015596829, 0.21193166, -0.00060778856)
shape = SubResource("CapsuleShape3D_c5vop")

[node name="MultiplayerSynchronizer" type="MultiplayerSynchronizer" parent="ape/Armature/Skeleton3D/Ragdoll/Physical Bone Arm_Lower_L" unique_id=1128995547]
replication_config = SubResource("SceneReplicationConfig_pb1wn")

[node name="Physical Bone Hand_L" type="PhysicalBone3D" parent="ape/Armature/Skeleton3D/Ragdoll" unique_id=711070125]
transform = Transform3D(0.9465815, 0.32206059, -0.016143302, 0.23277688, -0.717094, -0.656956, -0.2231559, 0.6181046, -0.75375605, 0.13389562, 0.9510147, 1.1142174)
collision_layer = 4
collision_mask = 17
joint_type = 3
joint_offset = Transform3D(0.9999998, 0, 0, 0, -4.3711385e-08, -0.99999976, 0, 0.99999994, -4.3711378e-08, 0, 0, 0)
joint_rotation = Vector3(1.5707964, 0, 0)
body_offset = Transform3D(1.0000005, -7.0780516e-06, 2.8312206e-07, 6.6906214e-06, 1.000001, 1.2278557e-05, -4.7683716e-07, -1.1652708e-05, 1.0000004, 0, 0, 0)
friction = 0.4
bounce = 0.2
bone_name = "Hand_L"
joint_constraints/angular_limit_enabled = true
joint_constraints/angular_limit_upper = 45.0
joint_constraints/angular_limit_lower = -45.0
joint_constraints/angular_limit_bias = 0.3
joint_constraints/angular_limit_softness = 0.9
joint_constraints/angular_limit_relaxation = 1.0

[node name="CollisionShape3D" type="CollisionShape3D" parent="ape/Armature/Skeleton3D/Ragdoll/Physical Bone Hand_L" unique_id=33125335]
transform = Transform3D(0.9975691, 0.05082817, -0.047361463, -0.059808567, 0.9751774, -0.21315739, 0.035351828, 0.21547428, 0.97586364, 0.009724602, 0.1448313, 0.04437065)
shape = SubResource("CapsuleShape3D_yop2s")

[node name="MultiplayerSynchronizer" type="MultiplayerSynchronizer" parent="ape/Armature/Skeleton3D/Ragdoll/Physical Bone Hand_L" unique_id=796366129]
replication_config = SubResource("SceneReplicationConfig_pb1wn")

[node name="Physical Bone Shoulder_R" type="PhysicalBone3D" parent="ape/Armature/Skeleton3D/Ragdoll" unique_id=1168480884]
transform = Transform3D(-0.08364269, -0.88626593, -0.45556185, -0.526303, -0.34891054, 0.7754138, -0.84617317, 0.30462125, -0.4372606, 0.059406493, 1.0124593, 0.21207017)
collision_layer = 4
collision_mask = 17
joint_type = 2
joint_offset = Transform3D(0.9999979, 0, 0, 0, 0.99999756, 0, 0, 0, 0.99999845, 0, 0, 0)
body_offset = Transform3D(1.0000001, -0.00012937188, 3.2186508e-05, 0.0001295209, 1.0000002, 4.762411e-05, -3.272295e-05, -4.824996e-05, 1.0000007, 0, 0, 0)
friction = 0.4
bounce = 0.2
bone_name = "Shoulder_R"
joint_constraints/swing_span = 9.999996
joint_constraints/twist_span = 4.999998
joint_constraints/bias = 0.3
joint_constraints/softness = 0.8
joint_constraints/relaxation = 1.0

[node name="CollisionShape3D2" type="CollisionShape3D" parent="ape/Armature/Skeleton3D/Ragdoll/Physical Bone Shoulder_R" unique_id=610839031]
transform = Transform3D(1.0000013, 6.482005e-07, 0, -9.313226e-10, 1.0000005, 6.519258e-09, 0, -1.9324943e-07, 1.0000004, 0.0056129694, 0.18636844, -0.07021457)
shape = SubResource("CapsuleShape3D_vurlm")

[node name="MultiplayerSynchronizer" type="MultiplayerSynchronizer" parent="ape/Armature/Skeleton3D/Ragdoll/Physical Bone Shoulder_R" unique_id=1077783923]
replication_config = SubResource("SceneReplicationConfig_pb1wn")

[node name="Physical Bone Arm_Upper_R" type="PhysicalBone3D" parent="ape/Armature/Skeleton3D/Ragdoll" unique_id=1907136194]
transform = Transform3D(0.8637647, -0.22530401, -0.45072022, -0.5037907, -0.40436578, -0.76333696, -0.010272935, 0.88641214, -0.46278292, -0.15384205, 0.92850214, 0.28533232)
collision_layer = 4
collision_mask = 17
joint_type = 2
body_offset = Transform3D(1, -0.00017477479, -0.0004377016, 0.00017503649, 1.0000005, 6.952882e-05, 0.000438191, -6.8843365e-05, 1.0000001, 0, 0, 0)
friction = 0.4
bounce = 0.2
bone_name = "Arm_Upper_R"
joint_constraints/swing_span = 45.0
joint_constraints/twist_span = 45.0
joint_constraints/bias = 0.3
joint_constraints/softness = 0.8
joint_constraints/relaxation = 1.0

[node name="CollisionShape3D2" type="CollisionShape3D" parent="ape/Armature/Skeleton3D/Ragdoll/Physical Bone Arm_Upper_R" unique_id=899928137]
transform = Transform3D(0.9999997, 1.4882535e-06, 1.9669533e-06, -3.259629e-08, 0.99999535, 1.3299286e-06, 1.7881393e-07, -3.091991e-07, 0.9999914, -0.014738202, 0.2557823, -0.013592303)
shape = SubResource("CapsuleShape3D_pb1wn")

[node name="MultiplayerSynchronizer" type="MultiplayerSynchronizer" parent="ape/Armature/Skeleton3D/Ragdoll/Physical Bone Arm_Upper_R" unique_id=1369422060]
replication_config = SubResource("SceneReplicationConfig_pb1wn")

[node name="Physical Bone Arm_Lower_R" type="PhysicalBone3D" parent="ape/Armature/Skeleton3D/Ragdoll" unique_id=1546893214]
transform = Transform3D(0.7627962, 0.3761235, 0.5259973, 0.35768327, 0.4322379, -0.8277881, -0.5387065, 0.81957406, 0.19517635, -0.26436758, 0.7299611, 0.72038734)
collision_layer = 4
collision_mask = 17
joint_type = 3
joint_offset = Transform3D(-4.371105e-08, -0.7070998, 0.7070968, 0, 0.70709985, 0.70709676, -0.99999225, 3.0908314e-08, -3.0908183e-08, 0, 0, 0)
joint_rotation = Vector3(-0.7853981, 1.5707964, 0)
body_offset = Transform3D(1.0000005, -8.6307526e-05, 2.1927059e-05, 8.621812e-05, 1, 2.7924776e-05, -2.259016e-05, -2.82377e-05, 1.0000006, 0, 0, 0)
friction = 0.4
bounce = 0.2
bone_name = "Arm_Lower_R"
joint_constraints/angular_limit_enabled = true
joint_constraints/angular_limit_upper = 45.0
joint_constraints/angular_limit_lower = -45.0
joint_constraints/angular_limit_bias = 0.3
joint_constraints/angular_limit_softness = 0.9
joint_constraints/angular_limit_relaxation = 1.0

[node name="CollisionShape3D2" type="CollisionShape3D" parent="ape/Armature/Skeleton3D/Ragdoll/Physical Bone Arm_Lower_R" unique_id=682743]
transform = Transform3D(0.9883681, 0.09372162, -0.11977059, -0.112443835, 0.9806004, -0.16057971, 0.10239717, 0.17217852, 0.9797324, 0.015596829, 0.21193166, -0.00060778856)
shape = SubResource("CapsuleShape3D_c5vop")

[node name="MultiplayerSynchronizer" type="MultiplayerSynchronizer" parent="ape/Armature/Skeleton3D/Ragdoll/Physical Bone Arm_Lower_R" unique_id=638530891]
replication_config = SubResource("SceneReplicationConfig_pb1wn")

[node name="Physical Bone Hand_R" type="PhysicalBone3D" parent="ape/Armature/Skeleton3D/Ragdoll" unique_id=1685063262]
transform = Transform3D(0.9953076, -0.028312806, -0.09252707, -0.094020866, -0.05698916, -0.9939378, 0.02286813, 0.99797326, -0.059383735, -0.12568356, 0.8893042, 1.0225004)
collision_layer = 4
collision_mask = 17
joint_type = 3
joint_offset = Transform3D(0.9999998, 0, 0, 0, -4.3711385e-08, -0.99999976, 0, 0.99999994, -4.3711378e-08, 0, 0, 0)
joint_rotation = Vector3(1.5707964, 0, 0)
body_offset = Transform3D(1.0000001, -2.647005e-05, -1.2073317e-05, 2.6151538e-05, 1.0000004, -2.2489578e-05, 1.2152363e-05, 2.3048371e-05, 1.0000006, 0, 0, 0)
friction = 0.4
bounce = 0.2
bone_name = "Hand_R"
joint_constraints/angular_limit_enabled = true
joint_constraints/angular_limit_upper = 45.0
joint_constraints/angular_limit_lower = -45.0
joint_constraints/angular_limit_bias = 0.3
joint_constraints/angular_limit_softness = 0.9
joint_constraints/angular_limit_relaxation = 1.0

[node name="CollisionShape3D2" type="CollisionShape3D" parent="ape/Armature/Skeleton3D/Ragdoll/Physical Bone Hand_R" unique_id=1149378107]
transform = Transform3D(0.9975691, 0.05082817, -0.047361463, -0.059808567, 0.9751774, -0.21315739, 0.035351828, 0.21547428, 0.97586364, 0.009724602, 0.1448313, 0.04437065)
shape = SubResource("CapsuleShape3D_yop2s")

[node name="MultiplayerSynchronizer" type="MultiplayerSynchronizer" parent="ape/Armature/Skeleton3D/Ragdoll/Physical Bone Hand_R" unique_id=815734656]
replication_config = SubResource("SceneReplicationConfig_pb1wn")

[node name="Physical Bone Thigh_L" type="PhysicalBone3D" parent="ape/Armature/Skeleton3D/Ragdoll" unique_id=1559074622]
transform = Transform3D(0.8712589, -0.031014971, 0.48984286, 0.24385555, -0.8387613, -0.48684075, 0.42596063, 0.5436152, -0.7232151, 0.18905613, 0.7033922, -0.37177566)
collision_layer = 4
collision_mask = 17
joint_type = 2
body_offset = Transform3D(1.0000002, -1.1920929e-07, -3.874302e-07, -1.4901161e-08, 1.0000008, 9.834766e-07, 4.172325e-07, -4.4703484e-07, 1.0000006, 0, 0, 0)
friction = 0.4
bounce = 0.2
bone_name = "Thigh_L"
joint_constraints/swing_span = 65.0
joint_constraints/twist_span = 19.999992
joint_constraints/bias = 0.3
joint_constraints/softness = 0.8
joint_constraints/relaxation = 1.0

[node name="CollisionShape3D" type="CollisionShape3D" parent="ape/Armature/Skeleton3D/Ragdoll/Physical Bone Thigh_L" unique_id=874920612]
transform = Transform3D(0.9937549, 0.102915734, 0.043105483, -0.10113806, 0.9940035, -0.041582793, -0.0471265, 0.036963552, 0.9982048, -0.029236495, 0.0947904, -0.028483108)
shape = SubResource("CapsuleShape3D_ah3bo")

[node name="MultiplayerSynchronizer" type="MultiplayerSynchronizer" parent="ape/Armature/Skeleton3D/Ragdoll/Physical Bone Thigh_L" unique_id=1689129358]
replication_config = SubResource("SceneReplicationConfig_pb1wn")

[node name="Physical Bone Shin_L" type="PhysicalBone3D" parent="ape/Armature/Skeleton3D/Ragdoll" unique_id=35757324]
transform = Transform3D(0.91060597, 0.15416567, 0.38344473, 0.029559027, -0.94973737, 0.31164926, 0.4122174, -0.27245542, -0.8693934, 0.17749618, 0.3907642, -0.1691564)
collision_layer = 4
collision_mask = 17
joint_type = 3
joint_offset = Transform3D(-4.37113e-08, 0, 0.999998, 0, 0.9999973, 0, -0.999998, 0, -4.37113e-08, 0, 0, 0)
joint_rotation = Vector3(0, 1.5707964, 0)
body_offset = Transform3D(1.0000004, 2.3841858e-07, 5.9604645e-08, 0, 1.0000008, -4.0233135e-07, 0, 0, 1.0000005, 0, 0, 0)
friction = 0.4
bounce = 0.2
bone_name = "Shin_L"
joint_constraints/angular_limit_enabled = true
joint_constraints/angular_limit_upper = 45.0
joint_constraints/angular_limit_lower = -45.0
joint_constraints/angular_limit_bias = 0.3
joint_constraints/angular_limit_softness = 0.9
joint_constraints/angular_limit_relaxation = 1.0

[node name="CollisionShape3D" type="CollisionShape3D" parent="ape/Armature/Skeleton3D/Ragdoll/Physical Bone Shin_L" unique_id=1547755645]
transform = Transform3D(0.9825408, -0.16863364, 0.07860506, 0.13825935, 0.9444851, 0.29804406, -0.124500416, -0.28197423, 0.9513161, -0.0066652, 0.11516102, -0.006066084)
shape = SubResource("CapsuleShape3D_cg0of")

